gameId,teamId,teamCity,teamName,teamTricode,teamSlug,personIdOff,firstNameOff,familyNameOff,nameIOff,playerSlugOff,positionOff,commentOff,jerseyNumOff,personIdDef,firstNameDef,familyNameDef,nameIDef,playerSlugDef,jerseyNumDef,matchupMinutes,matchupMinutesSort,partialPossessions,percentageDefenderTotalTime,percentageOffensiveTotalTime,percentageTotalTimeBothOn,switchesOn,playerPoints,teamPoints,matchupAssists,matchupPotentialAssists,matchupTurnovers,matchupBlocks,matchupFieldGoalsMade,matchupFieldGoalsAttempted,matchupFieldGoalsPercentage,matchupThreePointersMade,matchupThreePointersAttempted,matchupThreePointersPercentage,helpBlocks,helpFieldGoalsMade,helpFieldGoalsAttempted,helpFieldGoalsPercentage,matchupFreeThrowsMade,matchupFreeThrowsAttempted,shootingFouls
0022000907,1610612748,Miami,Heat,MIA,heat,202710,Jimmy,Butler III,J. Butler III,jimmy-butler-iii,F,,22,1627853,Ryan,Arcidiacono,R. Arcidiacono,ryan-arcidiacono,51,0:04,3.9,0.7,0.015,0.005,0.078,0,0,0,0,0,0,0,0,1,0.0,0,0,0.0,0,0,0,0.0,0,0,0
0022000907,1610612748,Miami,Heat,MIA,heat,202710,Jimmy,Butler III,J. Butler III,jimmy-butler-iii,F,,22,1628374,Lauri,Markkanen,L. Markkanen,lauri-markkanen,24,1:46,106.3,9.1,0.201,0.127,0.455,0,0,2,1,0,2,0,0,2,0.0,0,0,0.0,0,0,0,0.0,0,0,0
0022000907,1610612748,Miami,Heat,MIA,heat,202710,Jimmy,Butler III,J. Butler III,jimmy-butler-iii,F,,22,203107,Tomas,Satoransky,T. Satoransky,tomas-satoransky,31,1:01,61.2,4.6,0.179,0.073,0.433,0,3,3,1,0,1,0,1,1,1.0,0,0,0.0,0,0,0,0.0,1,2,1
0022000907,1610612748,Miami,Heat,MIA,heat,202710,Jimmy,Butler III,J. Butler III,jimmy-butler-iii,F,,22,202066,Garrett,Temple,G. Temple,garrett-temple,17,2:14,133.7,11.3,0.171,0.16,0.183,0,6,14,0,0,2,0,1,3,0.333,0,1,0.0,0,0,0,0.0,4,4,2
0022000907,1610612748,Miami,Heat,MIA,heat,202710,Jimmy,Butler III,J. Butler III,jimmy-butler-iii,F,,22,1628464,Daniel,Theis,D. Theis,daniel-theis,27,0:57,56.8,7.1,0.088,0.068,0.118,0,0,10,1,0,0,0,0,1,0.0,0,0,0.0,0,0,0,0.0,0,0,0
0022000907,1610612748,Miami,Heat,MIA,heat,202710,Jimmy,Butler III,J. Butler III,jimmy-butler-iii,F,,22,1627756,Denzel,Valentine,D. Valentine,denzel-valentine,45,0:21,21.4,4.3,0.048,0.026,0.135,0,2,2,0,0,0,1,1,2,0.5,0,0,0.0,0,0,0,0.0,0,0,0
0022000907,1610612748,Miami,Heat,MIA,heat,202710,Jimmy,Butler III,J. Butler III,jimmy-butler-iii,F,,22,202696,Nikola,Vučević,N. Vučević,nikola-vučević,9,0:43,43.1,3.7,0.046,0.052,0.055,0,6,18,2,0,1,0,3,3,1.0,0,0,0.0,0,0,0,0.0,0,0,0
0022000907,1610612748,Miami,Heat,MIA,heat,202710,Jimmy,Butler III,J. Butler III,jimmy-butler-iii,F,,22,1629632,Coby,White,C. White,coby-white,0,0:20,19.6,2.2,0.022,0.023,0.026,0,2,8,0,0,0,0,1,1,1.0,0,0,0.0,0,0,0,0.0,0,0,0
0022000907,1610612748,Miami,Heat,MIA,heat,202710,Jimmy,Butler III,J. Butler III,jimmy-butler-iii,F,,22,1630172,Patrick,Williams,P. Williams,patrick-williams,44,4:50,289.5,20.3,0.557,0.346,0.576,0,0,19,2,0,0,0,0,0,0.0,0,0,0.0,0,0,0,0.0,0,0,0
0022000907,1610612748,Miami,Heat,MIA,heat,202710,Jimmy,Butler III,J. Butler III,jimmy-butler-iii,F,,22,201152,Thaddeus,Young,T. Young,thaddeus-young,21,1:27,87.3,7.2,0.163,0.104,0.266,0,0,3,1,0,0,0,0,1,0.0,0,0,0.0,0,0,0,0.0,0,0,0
0022000907,1610612748,Miami,Heat,MIA,heat,2772,Trevor,Ariza,T. Ariza,trevor-ariza,F,,8,1628374,Lauri,Markkanen,L. Markkanen,lauri-markkanen,24,0:57,56.7,4.6,0.107,0.081,0.435,0,0,2,0,0,0,0,0,0,0.0,0,0,0.0,0,0,0,0.0,0,0,0
0022000907,1610612748,Miami,Heat,MIA,heat,2772,Trevor,Ariza,T. Ariza,trevor-ariza,F,,8,203107,Tomas,Satoransky,T. Satoransky,tomas-satoransky,31,0:02,1.6,0.1,0.005,0.002,0.017,0,0,0,0,0,0,0,0,0,0.0,0,0,0.0,0,0,0,0.0,0,0,0
0022000907,1610612748,Miami,Heat,MIA,heat,2772,Trevor,Ariza,T. Ariza,trevor-ariza,F,,8,202066,Garrett,Temple,G. Temple,garrett-temple,17,0:40,39.6,3.8,0.051,0.056,0.056,0,0,6,0,0,0,0,0,0,0.0,0,0,0.0,0,0,0,0.0,0,0,0
0022000907,1610612748,Miami,Heat,MIA,heat,2772,Trevor,Ariza,T. Ariza,trevor-ariza,F,,8,1628464,Daniel,Theis,D. Theis,daniel-theis,27,4:11,251.3,19.2,0.389,0.357,0.665,0,0,23,1,0,0,0,0,2,0.0,0,2,0.0,0,0,0,0.0,0,0,0
0022000907,1610612748,Miami,Heat,MIA,heat,2772,Trevor,Ariza,T. Ariza,trevor-ariza,F,,8,1627756,Denzel,Valentine,D. Valentine,denzel-valentine,45,0:35,34.6,2.9,0.077,0.049,0.267,0,0,5,0,0,0,0,0,0,0.0,0,0,0.0,0,0,0,0.0,0,0,0
0022000907,1610612748,Miami,Heat,MIA,heat,2772,Trevor,Ariza,T. Ariza,trevor-ariza,F,,8,202696,Nikola,Vučević,N. Vučević,nikola-vučević,9,0:37,37.2,3.8,0.04,0.053,0.053,0,0,1,0,0,0,0,0,0,0.0,0,0,0.0,0,0,0,0.0,0,0,0
0022000907,1610612748,Miami,Heat,MIA,heat,2772,Trevor,Ariza,T. Ariza,trevor-ariza,F,,8,1629632,Coby,White,C. White,coby-white,0,0:55,55.2,7.0,0.061,0.078,0.081,0,2,7,0,0,0,0,1,2,0.5,0,1,0.0,0,0,0,0.0,0,0,0
0022000907,1610612748,Miami,Heat,MIA,heat,2772,Trevor,Ariza,T. Ariza,trevor-ariza,F,,8,1630172,Patrick,Williams,P. Williams,patrick-williams,44,0:43,43.2,4.1,0.083,0.061,0.096,0,0,3,0,0,0,0,0,0,0.0,0,0,0.0,0,0,0,0.0,0,0,0
0022000907,1610612748,Miami,Heat,MIA,heat,2772,Trevor,Ariza,T. Ariza,trevor-ariza,F,,8,201152,Thaddeus,Young,T. Young,thaddeus-young,21,2:47,166.6,13.2,0.311,0.237,0.668,0,2,12,0,0,0,0,1,2,0.5,0,0,0.0,0,0,0,0.0,0,0,0
0022000907,1610612748,Miami,Heat,MIA,heat,1628389,Bam,Adebayo,B. Adebayo,bam-adebayo,C,,13,1627853,Ryan,Arcidiacono,R. Arcidiacono,ryan-arcidiacono,51,0:13,12.6,1.8,0.049,0.015,0.083,0,0,0,0,0,0,0,0,0,0.0,0,0,0.0,0,0,0,0.0,0,0,0
0022000907,1610612748,Miami,Heat,MIA,heat,1628389,Bam,Adebayo,B. Adebayo,bam-adebayo,C,,13,1628374,Lauri,Markkanen,L. Markkanen,lauri-markkanen,24,0:25,24.8,2.4,0.047,0.03,0.077,0,4,4,0,0,0,0,1,1,1.0,0,0,0.0,0,0,0,0.0,2,2,0
0022000907,1610612748,Miami,Heat,MIA,heat,1628389,Bam,Adebayo,B. Adebayo,bam-adebayo,C,,13,203107,Tomas,Satoransky,T. Satoransky,tomas-satoransky,31,0:17,16.6,1.0,0.049,0.02,0.114,0,2,5,0,0,0,0,1,1,1.0,0,0,0.0,0,0,0,0.0,0,0,0
0022000907,1610612748,Miami,Heat,MIA,heat,1628389,Bam,Adebayo,B. Adebayo,bam-adebayo,C,,13,202066,Garrett,Temple,G. Temple,garrett-temple,17,0:26,26.0,2.0,0.033,0.031,0.044,0,0,5,0,0,0,0,0,0,0.0,0,0,0.0,0,0,0,0.0,0,0,0
0022000907,1610612748,Miami,Heat,MIA,heat,1628389,Bam,Adebayo,B. Adebayo,bam-adebayo,C,,13,1628464,Daniel,Theis,D. Theis,daniel-theis,27,1:15,74.8,5.4,0.116,0.09,0.158,0,5,10,1,0,1,0,1,1,1.0,0,0,0.0,0,0,0,0.0,3,3,2
0022000907,1610612748,Miami,Heat,MIA,heat,1628389,Bam,Adebayo,B. Adebayo,bam-adebayo,C,,13,1627756,Denzel,Valentine,D. Valentine,denzel-valentine,45,0:18,17.5,1.6,0.039,0.021,0.044,0,0,0,0,0,0,0,0,0,0.0,0,0,0.0,0,0,0,0.0,0,0,0
0022000907,1610612748,Miami,Heat,MIA,heat,1628389,Bam,Adebayo,B. Adebayo,bam-adebayo,C,,13,202696,Nikola,Vučević,N. Vučević,nikola-vučević,9,9:12,551.6,47.6,0.595,0.663,0.804,0,6,43,8,0,0,0,3,8,0.375,0,0,0.0,0,0,0,0.0,0,0,0
0022000907,1610612748,Miami,Heat,MIA,heat,1628389,Bam,Adebayo,B. Adebayo,bam-adebayo,C,,13,1629632,Coby,White,C. White,coby-white,0,0:52,51.8,5.0,0.057,0.062,0.075,0,0,8,1,0,0,0,0,0,0.0,0,0,0.0,0,0,0,0.0,0,0,0
0022000907,1610612748,Miami,Heat,MIA,heat,1628389,Bam,Adebayo,B. Adebayo,bam-adebayo,C,,13,1630172,Patrick,Williams,P. Williams,patrick-williams,44,0:23,22.9,2.2,0.044,0.028,0.057,0,2,4,0,0,0,0,1,1,1.0,0,0,0.0,0,0,0,0.0,0,0,0
0022000907,1610612748,Miami,Heat,MIA,heat,1628389,Bam,Adebayo,B. Adebayo,bam-adebayo,C,,13,201152,Thaddeus,Young,T. Young,thaddeus-young,21,1:51,111.2,7.9,0.208,0.134,0.357,0,6,15,0,0,0,0,3,4,0.75,0,0,0.0,0,0,0,0.0,0,0,0
0022000907,1610612748,Miami,Heat,MIA,heat,1629130,Duncan,Robinson,D. Robinson,duncan-robinson,G,,55,1627853,Ryan,Arcidiacono,R. Arcidiacono,ryan-arcidiacono,51,0:07,6.6,1.0,0.026,0.007,0.072,0,0,2,0,0,0,0,0,0,0.0,0,0,0.0,0,0,0,0.0,0,0,0
0022000907,1610612748,Miami,Heat,MIA,heat,1629130,Duncan,Robinson,D. Robinson,duncan-robinson,G,,55,1628374,Lauri,Markkanen,L. Markkanen,lauri-markkanen,24,0:06,6.2,0.9,0.012,0.007,0.021,0,0,0,0,0,0,0,0,0,0.0,0,0,0.0,0,0,0,0.0,0,0,0
0022000907,1610612748,Miami,Heat,MIA,heat,1629130,Duncan,Robinson,D. Robinson,duncan-robinson,G,,55,203107,Tomas,Satoransky,T. Satoransky,tomas-satoransky,31,1:26,86.0,5.0,0.252,0.095,0.49,0,0,7,0,0,0,0,0,1,0.0,0,1,0.0,0,0,0,0.0,0,0,0
0022000907,1610612748,Miami,Heat,MIA,heat,1629130,Duncan,Robinson,D. Robinson,duncan-robinson,G,,55,202066,Garrett,Temple,G. Temple,garrett-temple,17,8:16,496.4,41.3,0.637,0.55,0.67,0,9,45,0,0,0,0,3,9,0.333,3,8,0.375,0,0,0,0.0,0,0,0
0022000907,1610612748,Miami,Heat,MIA,heat,1629130,Duncan,Robinson,D. Robinson,duncan-robinson,G,,55,1628464,Daniel,Theis,D. Theis,daniel-theis,27,0:39,39.0,3.4,0.06,0.043,0.071,0,3,3,0,0,1,0,1,1,1.0,1,1,1.0,0,0,0,0.0,0,0,0
0022000907,1610612748,Miami,Heat,MIA,heat,1629130,Duncan,Robinson,D. Robinson,duncan-robinson,G,,55,1627756,Denzel,Valentine,D. Valentine,denzel-valentine,45,1:03,63.4,5.1,0.141,0.07,0.265,0,2,2,0,0,0,0,1,1,1.0,0,0,0.0,0,0,0,0.0,0,1,1
0022000907,1610612748,Miami,Heat,MIA,heat,1629130,Duncan,Robinson,D. Robinson,duncan-robinson,G,,55,202696,Nikola,Vučević,N. Vučević,nikola-vučević,9,0:38,38.2,2.7,0.041,0.042,0.047,0,3,3,0,0,1,0,1,3,0.333,1,3,0.333,0,0,0,0.0,0,0,0
0022000907,1610612748,Miami,Heat,MIA,heat,1629130,Duncan,Robinson,D. Robinson,duncan-robinson,G,,55,1629632,Coby,White,C. White,coby-white,0,0:15,15.1,1.5,0.017,0.017,0.019,0,3,5,0,0,0,0,1,1,1.0,1,1,1.0,0,0,0,0.0,0,0,0
0022000907,1610612748,Miami,Heat,MIA,heat,1629130,Duncan,Robinson,D. Robinson,duncan-robinson,G,,55,1630172,Patrick,Williams,P. Williams,patrick-williams,44,2:21,141.2,13.6,0.271,0.156,0.293,0,3,16,0,0,0,0,1,1,1.0,1,1,1.0,0,0,0,0.0,0,0,0
0022000907,1610612748,Miami,Heat,MIA,heat,1629130,Duncan,Robinson,D. Robinson,duncan-robinson,G,,55,201152,Thaddeus,Young,T. Young,thaddeus-young,21,0:19,19.0,1.4,0.035,0.021,0.057,0,0,4,0,0,0,0,0,0,0.0,0,0,0.0,0,0,0,0.0,0,0,0
0022000907,1610612748,Miami,Heat,MIA,heat,1629134,Kendrick,Nunn,K. Nunn,kendrick-nunn,G,,25,1627853,Ryan,Arcidiacono,R. Arcidiacono,ryan-arcidiacono,51,1:42,101.6,5.7,0.395,0.115,0.49,0,0,4,0,0,0,0,0,1,0.0,0,0,0.0,0,0,0,0.0,0,0,0
0022000907,1610612748,Miami,Heat,MIA,heat,1629134,Kendrick,Nunn,K. Nunn,kendrick-nunn,G,,25,1628374,Lauri,Markkanen,L. Markkanen,lauri-markkanen,24,0:07,6.6,1.6,0.012,0.007,0.018,0,2,2,0,0,0,0,0,0,0.0,0,0,0.0,0,0,0,0.0,2,2,0
0022000907,1610612748,Miami,Heat,MIA,heat,1629134,Kendrick,Nunn,K. Nunn,kendrick-nunn,G,,25,203107,Tomas,Satoransky,T. Satoransky,tomas-satoransky,31,0:58,58.0,3.6,0.17,0.066,0.289,0,0,3,0,0,0,0,0,0,0.0,0,0,0.0,0,0,0,0.0,0,0,0
0022000907,1610612748,Miami,Heat,MIA,heat,1629134,Kendrick,Nunn,K. Nunn,kendrick-nunn,G,,25,202066,Garrett,Temple,G. Temple,garrett-temple,17,0:43,43.4,5.7,0.056,0.049,0.074,0,0,2,0,0,0,0,0,0,0.0,0,0,0.0,0,0,0,0.0,0,0,0
0022000907,1610612748,Miami,Heat,MIA,heat,1629134,Kendrick,Nunn,K. Nunn,kendrick-nunn,G,,25,1628464,Daniel,Theis,D. Theis,daniel-theis,27,0:13,12.7,1.3,0.02,0.014,0.027,0,0,2,0,0,0,0,0,0,0.0,0,0,0.0,0,0,0,0.0,0,0,0
0022000907,1610612748,Miami,Heat,MIA,heat,1629134,Kendrick,Nunn,K. Nunn,kendrick-nunn,G,,25,1627756,Denzel,Valentine,D. Valentine,denzel-valentine,45,0:35,34.7,2.7,0.078,0.039,0.078,0,0,2,0,0,0,0,0,0,0.0,0,0,0.0,0,0,0,0.0,0,0,0
0022000907,1610612748,Miami,Heat,MIA,heat,1629134,Kendrick,Nunn,K. Nunn,kendrick-nunn,G,,25,202696,Nikola,Vučević,N. Vučević,nikola-vučević,9,0:25,24.8,2.2,0.027,0.028,0.036,0,4,4,0,0,0,0,2,5,0.4,0,2,0.0,0,0,0,0.0,0,0,0
0022000907,1610612748,Miami,Heat,MIA,heat,1629134,Kendrick,Nunn,K. Nunn,kendrick-nunn,G,,25,1629632,Coby,White,C. White,coby-white,0,8:59,539.1,42.8,0.594,0.611,0.791,0,11,45,2,0,0,0,4,7,0.571,3,5,0.6,0,0,0,0.0,0,0,0
0022000907,1610612748,Miami,Heat,MIA,heat,1629134,Kendrick,Nunn,K. Nunn,kendrick-nunn,G,,25,1630172,Patrick,Williams,P. Williams,patrick-williams,44,0:18,17.8,1.7,0.034,0.02,0.045,0,2,5,0,0,0,0,1,1,1.0,0,0,0.0,0,0,0,0.0,0,0,0
0022000907,1610612748,Miami,Heat,MIA,heat,1629134,Kendrick,Nunn,K. Nunn,kendrick-nunn,G,,25,201152,Thaddeus,Young,T. Young,thaddeus-young,21,0:24,23.8,1.9,0.045,0.027,0.065,0,0,7,0,0,0,0,0,1,0.0,0,0,0.0,0,0,0,0.0,0,0,0
0022000907,1610612748,Miami,Heat,MIA,heat,203473,Dewayne,Dedmon,D. Dedmon,dewayne-dedmon,,,21,1627853,Ryan,Arcidiacono,R. Arcidiacono,ryan-arcidiacono,51,0:10,10.1,0.5,0.039,0.029,0.096,0,2,2,0,0,0,0,1,1,1.0,0,0,0.0,0,0,0,0.0,0,0,0
0022000907,1610612748,Miami,Heat,MIA,heat,203473,Dewayne,Dedmon,D. Dedmon,dewayne-dedmon,,,21,1628374,Lauri,Markkanen,L. Markkanen,lauri-markkanen,24,0:07,6.7,0.6,0.013,0.019,0.032,0,0,0,0,0,0,0,0,0,0.0,0,0,0.0,0,0,0,0.0,0,0,0
0022000907,1610612748,Miami,Heat,MIA,heat,203473,Dewayne,Dedmon,D. Dedmon,dewayne-dedmon,,,21,203107,Tomas,Satoransky,T. Satoransky,tomas-satoransky,31,0:07,6.8,1.1,0.02,0.02,0.035,0,0,2,0,0,0,0,0,0,0.0,0,0,0.0,0,0,0,0.0,0,0,0
0022000907,1610612748,Miami,Heat,MIA,heat,203473,Dewayne,Dedmon,D. Dedmon,dewayne-dedmon,,,21,1628464,Daniel,Theis,D. Theis,daniel-theis,27,0:54,53.7,2.6,0.083,0.155,0.311,0,0,6,0,0,0,0,0,0,0.0,0,0,0.0,0,0,0,0.0,0,0,0
0022000907,1610612748,Miami,Heat,MIA,heat,203473,Dewayne,Dedmon,D. Dedmon,dewayne-dedmon,,,21,1627756,Denzel,Valentine,D. Valentine,denzel-valentine,45,0:05,5.4,0.1,0.012,0.015,0.098,0,0,0,0,0,0,0,0,0,0.0,0,0,0.0,0,0,0,0.0,0,0,0
0022000907,1610612748,Miami,Heat,MIA,heat,203473,Dewayne,Dedmon,D. Dedmon,dewayne-dedmon,,,21,202696,Nikola,Vučević,N. Vučević,nikola-vučević,9,3:33,212.7,16.2,0.229,0.614,0.881,0,2,15,0,0,0,0,1,2,0.5,0,0,0.0,0,0,0,0.0,0,0,0
0022000907,1610612748,Miami,Heat,MIA,heat,203473,Dewayne,Dedmon,D. Dedmon,dewayne-dedmon,,,21,1629632,Coby,White,C. White,coby-white,0,0:07,6.6,0.5,0.007,0.019,0.03,0,0,0,0,0,0,0,0,1,0.0,0,0,0.0,0,0,0,0.0,0,0,0
0022000907,1610612748,Miami,Heat,MIA,heat,203473,Dewayne,Dedmon,D. Dedmon,dewayne-dedmon,,,21,201152,Thaddeus,Young,T. Young,thaddeus-young,21,1:00,60.3,2.7,0.113,0.174,0.269,0,0,2,0,0,0,0,0,0,0.0,0,0,0.0,0,0,0,0.0,0,0,0
0022000907,1610612748,Miami,Heat,MIA,heat,1629216,Gabe,Vincent,G. Vincent,gabe-vincent,,,2,1627853,Ryan,Arcidiacono,R. Arcidiacono,ryan-arcidiacono,51,1:11,71.2,3.4,0.277,0.116,0.284,0,0,5,0,0,0,0,0,1,0.0,0,0,0.0,0,0,0,0.0,0,0,0
0022000907,1610612748,Miami,Heat,MIA,heat,1629216,Gabe,Vincent,G. Vincent,gabe-vincent,,,2,1628374,Lauri,Markkanen,L. Markkanen,lauri-markkanen,24,0:33,32.6,3.2,0.062,0.053,0.076,0,0,3,0,0,0,0,0,1,0.0,0,1,0.0,0,0,0,0.0,0,0,0
0022000907,1610612748,Miami,Heat,MIA,heat,1629216,Gabe,Vincent,G. Vincent,gabe-vincent,,,2,203107,Tomas,Satoransky,T. Satoransky,tomas-satoransky,31,0:46,45.5,3.6,0.133,0.074,0.133,0,0,2,0,0,0,0,0,0,0.0,0,0,0.0,0,0,0,0.0,0,0,0
0022000907,1610612748,Miami,Heat,MIA,heat,1629216,Gabe,Vincent,G. Vincent,gabe-vincent,,,2,202066,Garrett,Temple,G. Temple,garrett-temple,17,0:15,15.3,1.0,0.02,0.025,0.064,0,0,2,0,0,0,0,0,0,0.0,0,0,0.0,0,0,0,0.0,0,0,0
0022000907,1610612748,Miami,Heat,MIA,heat,1629216,Gabe,Vincent,G. Vincent,gabe-vincent,,,2,1628464,Daniel,Theis,D. Theis,daniel-theis,27,0:05,5.4,0.6,0.008,0.009,0.017,0,0,0,0,0,0,0,0,0,0.0,0,0,0.0,0,0,0,0.0,0,0,0
0022000907,1610612748,Miami,Heat,MIA,heat,1629216,Gabe,Vincent,G. Vincent,gabe-vincent,,,2,1627756,Denzel,Valentine,D. Valentine,denzel-valentine,45,3:06,186.0,11.0,0.415,0.303,0.642,0,0,13,1,0,0,1,0,3,0.0,0,2,0.0,0,0,0,0.0,0,0,0
0022000907,1610612748,Miami,Heat,MIA,heat,1629216,Gabe,Vincent,G. Vincent,gabe-vincent,,,2,202696,Nikola,Vučević,N. Vučević,nikola-vučević,9,0:07,7.4,1.2,0.008,0.012,0.02,0,2,2,0,0,0,0,1,1,1.0,0,0,0.0,0,0,0,0.0,0,0,0
0022000907,1610612748,Miami,Heat,MIA,heat,1629216,Gabe,Vincent,G. Vincent,gabe-vincent,,,2,1629632,Coby,White,C. White,coby-white,0,3:21,200.6,15.1,0.221,0.327,0.583,0,0,14,0,0,0,0,0,1,0.0,0,0,0.0,0,0,0,0.0,0,0,0
0022000907,1610612748,Miami,Heat,MIA,heat,1629216,Gabe,Vincent,G. Vincent,gabe-vincent,,,2,201152,Thaddeus,Young,T. Young,thaddeus-young,21,0:27,27.1,2.6,0.051,0.044,0.072,0,0,3,0,0,0,0,0,0,0.0,0,0,0.0,0,0,0,0.0,0,0,0
0022000907,1610612748,Miami,Heat,MIA,heat,2738,Andre,Iguodala,A. Iguodala,andre-iguodala,,,28,1627853,Ryan,Arcidiacono,R. Arcidiacono,ryan-arcidiacono,51,0:09,9.0,0.8,0.035,0.019,0.035,0,0,5,0,0,0,0,0,1,0.0,0,1,0.0,0,0,0,0.0,0,0,0
0022000907,1610612748,Miami,Heat,MIA,heat,2738,Andre,Iguodala,A. Iguodala,andre-iguodala,,,28,1628374,Lauri,Markkanen,L. Markkanen,lauri-markkanen,24,3:06,186.3,9.0,0.352,0.392,0.466,0,3,12,0,0,0,0,1,2,0.5,1,1,1.0,0,0,0,0.0,0,0,0
0022000907,1610612748,Miami,Heat,MIA,heat,2738,Andre,Iguodala,A. Iguodala,andre-iguodala,,,28,203107,Tomas,Satoransky,T. Satoransky,tomas-satoransky,31,0:13,13.4,1.2,0.039,0.028,0.053,0,0,4,0,0,0,0,0,0,0.0,0,0,0.0,0,0,0,0.0,0,0,0
0022000907,1610612748,Miami,Heat,MIA,heat,2738,Andre,Iguodala,A. Iguodala,andre-iguodala,,,28,1628464,Daniel,Theis,D. Theis,daniel-theis,27,2:32,151.6,11.0,0.235,0.319,0.567,0,3,11,0,0,0,0,1,1,1.0,1,1,1.0,0,0,0,0.0,0,0,0
0022000907,1610612748,Miami,Heat,MIA,heat,2738,Andre,Iguodala,A. Iguodala,andre-iguodala,,,28,1627756,Denzel,Valentine,D. Valentine,denzel-valentine,45,0:41,40.8,3.6,0.091,0.086,0.128,0,0,6,0,0,0,0,0,0,0.0,0,0,0.0,0,0,0,0.0,0,0,0
0022000907,1610612748,Miami,Heat,MIA,heat,2738,Andre,Iguodala,A. Iguodala,andre-iguodala,,,28,202696,Nikola,Vučević,N. Vučević,nikola-vučević,9,0:08,8.0,1.1,0.009,0.017,0.036,0,0,2,0,0,0,0,0,0,0.0,0,0,0.0,0,0,0,0.0,0,0,0
0022000907,1610612748,Miami,Heat,MIA,heat,2738,Andre,Iguodala,A. Iguodala,andre-iguodala,,,28,1629632,Coby,White,C. White,coby-white,0,0:03,2.5,1.2,0.003,0.005,0.011,0,0,0,0,0,0,0,0,0,0.0,0,0,0.0,0,0,0,0.0,0,0,0
0022000907,1610612748,Miami,Heat,MIA,heat,2738,Andre,Iguodala,A. Iguodala,andre-iguodala,,,28,1630172,Patrick,Williams,P. Williams,patrick-williams,44,0:05,5.4,0.4,0.01,0.011,0.077,0,0,0,0,0,0,0,0,0,0.0,0,0,0.0,0,0,0,0.0,0,0,0
0022000907,1610612748,Miami,Heat,MIA,heat,2738,Andre,Iguodala,A. Iguodala,andre-iguodala,,,28,201152,Thaddeus,Young,T. Young,thaddeus-young,21,0:36,36.4,3.3,0.068,0.077,0.127,0,0,2,0,0,0,0,0,0,0.0,0,0,0.0,0,0,0,0.0,0,0,0
0022000907,1610612748,Miami,Heat,MIA,heat,1629622,Max,Strus,M. Strus,max-strus,,,31,1627853,Ryan,Arcidiacono,R. Arcidiacono,ryan-arcidiacono,51,0:42,42.3,2.1,0.164,0.142,0.245,0,0,2,0,0,0,0,0,0,0.0,0,0,0.0,0,0,0,0.0,0,0,0
0022000907,1610612748,Miami,Heat,MIA,heat,1629622,Max,Strus,M. Strus,max-strus,,,31,1628374,Lauri,Markkanen,L. Markkanen,lauri-markkanen,24,1:43,102.7,8.4,0.194,0.344,0.394,0,3,13,0,0,0,0,1,2,0.5,1,2,0.5,0,0,0,0.0,0,0,0
0022000907,1610612748,Miami,Heat,MIA,heat,1629622,Max,Strus,M. Strus,max-strus,,,31,203107,Tomas,Satoransky,T. Satoransky,tomas-satoransky,31,0:53,52.8,2.7,0.155,0.177,0.318,0,0,2,0,0,0,0,0,0,0.0,0,0,0.0,0,0,0,0.0,0,0,0
0022000907,1610612748,Miami,Heat,MIA,heat,1629622,Max,Strus,M. Strus,max-strus,,,31,202066,Garrett,Temple,G. Temple,garrett-temple,17,0:25,25.2,1.8,0.032,0.084,0.666,0,2,2,0,0,0,0,1,1,1.0,0,0,0.0,0,0,0,0.0,0,0,0
0022000907,1610612748,Miami,Heat,MIA,heat,1629622,Max,Strus,M. Strus,max-strus,,,31,1627756,Denzel,Valentine,D. Valentine,denzel-valentine,45,0:44,44.2,3.7,0.099,0.148,0.212,0,0,5,0,0,0,0,0,1,0.0,0,1,0.0,0,0,0,0.0,0,0,0
0022000907,1610612748,Miami,Heat,MIA,heat,1629622,Max,Strus,M. Strus,max-strus,,,31,202696,Nikola,Vučević,N. Vučević,nikola-vučević,9,0:05,4.7,0.6,0.005,0.016,0.035,0,0,0,0,0,0,0,0,0,0.0,0,0,0.0,0,0,0,0.0,0,0,0
0022000907,1610612748,Miami,Heat,MIA,heat,1629622,Max,Strus,M. Strus,max-strus,,,31,1629632,Coby,White,C. White,coby-white,0,0:17,17.3,1.7,0.019,0.058,0.131,0,0,0,0,0,0,0,0,0,0.0,0,0,0.0,0,0,0,0.0,0,0,0
0022000907,1610612748,Miami,Heat,MIA,heat,1629622,Max,Strus,M. Strus,max-strus,,,31,201152,Thaddeus,Young,T. Young,thaddeus-young,21,0:03,3.4,0.3,0.006,0.011,0.017,0,0,0,0,0,1,0,0,0,0.0,0,0,0.0,0,0,0,0.0,0,0,0
0022000907,1610612741,Chicago,Bulls,CHI,bulls,1630172,Patrick,Williams,P. Williams,patrick-williams,F,,44,1628389,Bam,Adebayo,B. Adebayo,bam-adebayo,13,0:06,5.5,0.6,0.007,0.011,0.013,0,0,3,1,0,1,0,0,0,0.0,0,0,0.0,0,0,0,0.0,0,0,0
0022000907,1610612741,Chicago,Bulls,CHI,bulls,1630172,Patrick,Williams,P. Williams,patrick-williams,F,,44,2772,Trevor,Ariza,T. Ariza,trevor-ariza,8,0:09,9.4,0.9,0.014,0.018,0.022,0,0,2,0,0,1,0,0,0,0.0,0,0,0.0,0,0,0,0.0,0,0,0
0022000907,1610612741,Chicago,Bulls,CHI,bulls,1630172,Patrick,Williams,P. Williams,patrick-williams,F,,44,202710,Jimmy,Butler III,J. Butler III,jimmy-butler-iii,22,1:09,68.9,5.0,0.084,0.134,0.142,0,2,6,0,0,0,0,1,2,0.5,0,1,0.0,0,0,0,0.0,0,0,0
0022000907,1610612741,Chicago,Bulls,CHI,bulls,1630172,Patrick,Williams,P. Williams,patrick-williams,F,,44,2738,Andre,Iguodala,A. Iguodala,andre-iguodala,28,0:09,8.8,0.6,0.02,0.017,0.094,0,0,2,0,0,0,0,0,0,0.0,0,0,0.0,0,0,0,0.0,0,0,0
0022000907,1610612741,Chicago,Bulls,CHI,bulls,1630172,Patrick,Williams,P. Williams,patrick-williams,F,,44,1629134,Kendrick,Nunn,K. Nunn,kendrick-nunn,25,0:52,52.1,4.7,0.065,0.101,0.13,0,0,7,0,0,0,0,0,1,0.0,0,0,0.0,0,0,0,0.0,0,0,0
0022000907,1610612741,Chicago,Bulls,CHI,bulls,1630172,Patrick,Williams,P. Williams,patrick-williams,F,,44,1629130,Duncan,Robinson,D. Robinson,duncan-robinson,55,5:27,326.6,26.5,0.38,0.633,0.676,0,4,16,0,0,1,0,2,4,0.5,0,0,0.0,0,0,0,0.0,0,0,0
0022000907,1610612741,Chicago,Bulls,CHI,bulls,1630172,Patrick,Williams,P. Williams,patrick-williams,F,,44,1629622,Max,Strus,M. Strus,max-strus,31,0:26,26.0,1.5,0.102,0.05,0.406,0,0,0,0,0,0,0,0,0,0.0,0,0,0.0,0,0,0,0.0,0,0,0
0022000907,1610612741,Chicago,Bulls,CHI,bulls,1628464,Daniel,Theis,D. Theis,daniel-theis,F,,27,1628389,Bam,Adebayo,B. Adebayo,bam-adebayo,13,0:50,49.6,5.7,0.061,0.084,0.114,0,0,11,1,0,0,0,0,0,0.0,0,0,0.0,0,0,0,0.0,0,0,0
0022000907,1610612741,Chicago,Bulls,CHI,bulls,1628464,Daniel,Theis,D. Theis,daniel-theis,F,,27,2772,Trevor,Ariza,T. Ariza,trevor-ariza,8,1:44,103.5,10.1,0.153,0.176,0.285,0,2,2,0,0,0,0,1,1,1.0,0,0,0.0,0,0,0,0.0,0,0,0
0022000907,1610612741,Chicago,Bulls,CHI,bulls,1628464,Daniel,Theis,D. Theis,daniel-theis,F,,27,202710,Jimmy,Butler III,J. Butler III,jimmy-butler-iii,22,3:16,195.5,14.9,0.237,0.332,0.413,0,3,15,1,0,0,0,1,2,0.5,1,1,1.0,0,0,0,0.0,0,0,0
0022000907,1610612741,Chicago,Bulls,CHI,bulls,1628464,Daniel,Theis,D. Theis,daniel-theis,F,,27,203473,Dewayne,Dedmon,D. Dedmon,dewayne-dedmon,21,0:34,34.2,2.8,0.118,0.058,0.221,0,0,3,0,0,0,0,0,0,0.0,0,0,0.0,0,0,0,0.0,0,0,0
0022000907,1610612741,Chicago,Bulls,CHI,bulls,1628464,Daniel,Theis,D. Theis,daniel-theis,F,,27,2738,Andre,Iguodala,A. Iguodala,andre-iguodala,28,2:08,128.4,10.4,0.296,0.218,0.569,0,0,10,0,0,0,0,0,1,0.0,0,0,0.0,0,0,0,0.0,0,0,0
0022000907,1610612741,Chicago,Bulls,CHI,bulls,1628464,Daniel,Theis,D. Theis,daniel-theis,F,,27,1629134,Kendrick,Nunn,K. Nunn,kendrick-nunn,25,0:47,46.9,3.6,0.058,0.08,0.112,0,2,6,0,0,0,0,1,2,0.5,0,1,0.0,0,0,0,0.0,0,0,0
0022000907,1610612741,Chicago,Bulls,CHI,bulls,1628464,Daniel,Theis,D. Theis,daniel-theis,F,,27,1629130,Duncan,Robinson,D. Robinson,duncan-robinson,55,0:38,38.4,3.1,0.045,0.065,0.073,0,0,6,0,0,0,0,0,0,0.0,0,0,0.0,0,0,0,0.0,0,0,0
0022000907,1610612741,Chicago,Bulls,CHI,bulls,1628464,Daniel,Theis,D. Theis,daniel-theis,F,,27,1629622,Max,Strus,M. Strus,max-strus,31,0:04,4.2,0.3,0.016,0.007,0.041,0,0,3,0,0,0,0,0,0,0.0,0,0,0.0,0,0,0,0.0,0,0,0
0022000907,1610612741,Chicago,Bulls,CHI,bulls,1628464,Daniel,Theis,D. Theis,daniel-theis,F,,27,1629216,Gabe,Vincent,G. Vincent,gabe-vincent,2,0:33,32.9,3.6,0.063,0.056,0.131,0,0,3,0,0,0,0,0,0,0.0,0,0,0.0,0,0,0,0.0,0,0,0
0022000907,1610612741,Chicago,Bulls,CHI,bulls,202696,Nikola,Vučević,N. Vučević,nikola-vučević,C,,9,1628389,Bam,Adebayo,B. Adebayo,bam-adebayo,13,7:13,432.8,36.4,0.537,0.481,0.643,0,5,33,4,0,1,0,2,5,0.4,1,2,0.5,0,0,0,0.0,0,0,0
0022000907,1610612741,Chicago,Bulls,CHI,bulls,202696,Nikola,Vučević,N. Vučević,nikola-vučević,C,,9,2772,Trevor,Ariza,T. Ariza,trevor-ariza,8,1:47,106.8,9.1,0.157,0.119,0.157,0,4,9,0,0,0,0,2,5,0.4,0,1,0.0,0,0,0,0.0,0,0,0
0022000907,1610612741,Chicago,Bulls,CHI,bulls,202696,Nikola,Vučević,N. Vučević,nikola-vučević,C,,9,202710,Jimmy,Butler III,J. Butler III,jimmy-butler-iii,22,1:41,100.8,10.0,0.122,0.112,0.13,0,8,18,1,0,1,0,4,4,1.0,0,0,0.0,0,0,0,0.0,0,0,0
0022000907,1610612741,Chicago,Bulls,CHI,bulls,202696,Nikola,Vučević,N. Vučević,nikola-vučević,C,,9,203473,Dewayne,Dedmon,D. Dedmon,dewayne-dedmon,21,2:47,166.8,13.5,0.578,0.185,0.734,0,7,11,0,0,0,0,3,4,0.75,1,2,0.5,0,0,0,0.0,0,0,0
0022000907,1610612741,Chicago,Bulls,CHI,bulls,202696,Nikola,Vučević,N. Vučević,nikola-vučević,C,,9,2738,Andre,Iguodala,A. Iguodala,andre-iguodala,28,0:18,17.6,1.3,0.04,0.02,0.073,0,2,5,1,0,0,0,1,1,1.0,0,0,0.0,0,0,0,0.0,0,0,0
0022000907,1610612741,Chicago,Bulls,CHI,bulls,202696,Nikola,Vučević,N. Vučević,nikola-vučević,C,,9,1629134,Kendrick,Nunn,K. Nunn,kendrick-nunn,25,0:22,21.9,2.1,0.027,0.024,0.033,0,0,0,0,0,0,0,0,2,0.0,0,2,0.0,0,0,0,0.0,0,0,0
0022000907,1610612741,Chicago,Bulls,CHI,bulls,202696,Nikola,Vučević,N. Vučević,nikola-vučević,C,,9,1629130,Duncan,Robinson,D. Robinson,duncan-robinson,55,0:47,47.2,4.3,0.055,0.052,0.059,0,2,7,1,0,0,0,1,2,0.5,0,0,0.0,0,0,0,0.0,0,0,0
0022000907,1610612741,Chicago,Bulls,CHI,bulls,202696,Nikola,Vučević,N. Vučević,nikola-vučević,C,,9,1629216,Gabe,Vincent,G. Vincent,gabe-vincent,2,0:20,19.6,2.2,0.037,0.022,0.059,0,0,2,1,0,0,0,0,0,0.0,0,0,0.0,0,0,0,0.0,0,0,0
0022000907,1610612741,Chicago,Bulls,CHI,bulls,202066,Garrett,Temple,G. Temple,garrett-temple,G,,17,1628389,Bam,Adebayo,B. Adebayo,bam-adebayo,13,0:30,29.7,3.0,0.037,0.04,0.052,0,0,7,0,0,0,0,0,2,0.0,0,0,0.0,0,0,0,0.0,0,0,0
0022000907,1610612741,Chicago,Bulls,CHI,bulls,202066,Garrett,Temple,G. Temple,garrett-temple,G,,17,2772,Trevor,Ariza,T. Ariza,trevor-ariza,8,0:21,21.1,1.7,0.031,0.028,0.031,0,0,2,0,0,0,0,0,0,0.0,0,0,0.0,0,0,0,0.0,0,0,0
0022000907,1610612741,Chicago,Bulls,CHI,bulls,202066,Garrett,Temple,G. Temple,garrett-temple,G,,17,202710,Jimmy,Butler III,J. Butler III,jimmy-butler-iii,22,1:25,85.2,8.1,0.103,0.114,0.119,0,0,9,0,0,0,0,0,2,0.0,0,2,0.0,0,0,0,0.0,0,0,0
0022000907,1610612741,Chicago,Bulls,CHI,bulls,202066,Garrett,Temple,G. Temple,garrett-temple,G,,17,203473,Dewayne,Dedmon,D. Dedmon,dewayne-dedmon,21,0:04,4.3,0.3,0.015,0.006,0.024,0,0,0,0,0,0,0,0,0,0.0,0,0,0.0,0,0,0,0.0,0,0,0
0022000907,1610612741,Chicago,Bulls,CHI,bulls,202066,Garrett,Temple,G. Temple,garrett-temple,G,,17,2738,Andre,Iguodala,A. Iguodala,andre-iguodala,28,0:03,3.4,0.4,0.008,0.005,0.039,0,0,0,0,0,0,0,0,1,0.0,0,1,0.0,0,0,0,0.0,0,0,0
0022000907,1610612741,Chicago,Bulls,CHI,bulls,202066,Garrett,Temple,G. Temple,garrett-temple,G,,17,1629134,Kendrick,Nunn,K. Nunn,kendrick-nunn,25,5:03,303.0,27.6,0.376,0.404,0.531,0,0,23,2,0,0,1,0,2,0.0,0,1,0.0,0,0,0,0.0,0,0,0
0022000907,1610612741,Chicago,Bulls,CHI,bulls,202066,Garrett,Temple,G. Temple,garrett-temple,G,,17,1629130,Duncan,Robinson,D. Robinson,duncan-robinson,55,4:41,281.3,23.7,0.327,0.375,0.402,0,2,21,1,0,0,0,1,2,0.5,0,1,0.0,0,0,0,0.0,0,0,0
0022000907,1610612741,Chicago,Bulls,CHI,bulls,202066,Garrett,Temple,G. Temple,garrett-temple,G,,17,1629216,Gabe,Vincent,G. Vincent,gabe-vincent,2,0:01,1.3,1.0,0.003,0.002,0.006,0,0,0,0,0,0,0,0,0,0.0,0,0,0.0,0,0,0,0.0,0,0,0
0022000907,1610612741,Chicago,Bulls,CHI,bulls,1629632,Coby,White,C. White,coby-white,G,,0,1628389,Bam,Adebayo,B. Adebayo,bam-adebayo,13,1:47,106.5,8.9,0.132,0.125,0.158,0,5,12,0,0,2,0,1,2,0.5,0,1,0.0,0,0,0,0.0,3,3,1
0022000907,1610612741,Chicago,Bulls,CHI,bulls,1629632,Coby,White,C. White,coby-white,G,,0,2772,Trevor,Ariza,T. Ariza,trevor-ariza,8,4:18,257.6,20.3,0.38,0.302,0.409,0,2,10,1,0,1,0,1,6,0.167,0,4,0.0,0,0,0,0.0,0,0,0
0022000907,1610612741,Chicago,Bulls,CHI,bulls,1629632,Coby,White,C. White,coby-white,G,,0,202710,Jimmy,Butler III,J. Butler III,jimmy-butler-iii,22,2:13,133.0,13.0,0.162,0.156,0.182,0,0,7,1,0,2,0,0,0,0.0,0,0,0.0,0,0,0,0.0,0,0,0
0022000907,1610612741,Chicago,Bulls,CHI,bulls,1629632,Coby,White,C. White,coby-white,G,,0,203473,Dewayne,Dedmon,D. Dedmon,dewayne-dedmon,21,0:21,20.8,1.6,0.072,0.024,0.116,0,2,2,0,0,1,0,1,1,1.0,0,0,0.0,0,0,0,0.0,0,0,0
0022000907,1610612741,Chicago,Bulls,CHI,bulls,1629632,Coby,White,C. White,coby-white,G,,0,2738,Andre,Iguodala,A. Iguodala,andre-iguodala,28,0:10,10.4,0.9,0.024,0.012,0.043,0,2,2,0,0,0,0,1,1,1.0,0,0,0.0,0,0,0,0.0,0,0,0
0022000907,1610612741,Chicago,Bulls,CHI,bulls,1629632,Coby,White,C. White,coby-white,G,,0,1629134,Kendrick,Nunn,K. Nunn,kendrick-nunn,25,1:35,94.5,10.7,0.117,0.111,0.144,0,10,28,2,0,1,0,4,4,1.0,1,1,1.0,0,0,0,0.0,1,1,1
0022000907,1610612741,Chicago,Bulls,CHI,bulls,1629632,Coby,White,C. White,coby-white,G,,0,1629130,Duncan,Robinson,D. Robinson,duncan-robinson,55,0:46,45.9,4.7,0.053,0.054,0.061,0,4,8,1,0,0,0,2,2,1.0,0,0,0.0,0,0,0,0.0,0,0,0
0022000907,1610612741,Chicago,Bulls,CHI,bulls,1629632,Coby,White,C. White,coby-white,G,,0,1629216,Gabe,Vincent,G. Vincent,gabe-vincent,2,2:44,164.2,13.4,0.313,0.193,0.582,0,6,10,1,0,1,0,2,3,0.667,2,3,0.667,0,0,0,0.0,0,0,0
0022000907,1610612741,Chicago,Bulls,CHI,bulls,1628374,Lauri,Markkanen,L. Markkanen,lauri-markkanen,,,24,1628389,Bam,Adebayo,B. Adebayo,bam-adebayo,13,0:37,36.9,4.9,0.046,0.078,0.122,0,0,2,0,0,0,0,0,0,0.0,0,0,0.0,0,0,0,0.0,0,0,0
0022000907,1610612741,Chicago,Bulls,CHI,bulls,1628374,Lauri,Markkanen,L. Markkanen,lauri-markkanen,,,24,2772,Trevor,Ariza,T. Ariza,trevor-ariza,8,0:41,41.1,4.6,0.061,0.087,0.318,0,0,7,0,0,0,0,0,1,0.0,0,1,0.0,0,0,0,0.0,0,0,0
0022000907,1610612741,Chicago,Bulls,CHI,bulls,1628374,Lauri,Markkanen,L. Markkanen,lauri-markkanen,,,24,202710,Jimmy,Butler III,J. Butler III,jimmy-butler-iii,22,1:38,97.8,10.0,0.119,0.206,0.411,0,0,2,0,0,1,0,0,1,0.0,0,1,0.0,0,0,0,0.0,0,0,0
0022000907,1610612741,Chicago,Bulls,CHI,bulls,1628374,Lauri,Markkanen,L. Markkanen,lauri-markkanen,,,24,203473,Dewayne,Dedmon,D. Dedmon,dewayne-dedmon,21,0:18,18.3,2.1,0.063,0.039,0.106,0,0,3,0,0,0,0,0,0,0.0,0,0,0.0,0,0,0,0.0,0,0,0
0022000907,1610612741,Chicago,Bulls,CHI,bulls,1628374,Lauri,Markkanen,L. Markkanen,lauri-markkanen,,,24,2738,Andre,Iguodala,A. Iguodala,andre-iguodala,28,1:55,114.5,8.0,0.264,0.241,0.315,0,3,6,0,0,0,0,1,1,1.0,1,1,1.0,0,0,0,0.0,0,0,0
0022000907,1610612741,Chicago,Bulls,CHI,bulls,1628374,Lauri,Markkanen,L. Markkanen,lauri-markkanen,,,24,1629134,Kendrick,Nunn,K. Nunn,kendrick-nunn,25,0:19,19.2,2.0,0.024,0.041,0.064,0,0,2,0,0,0,0,0,0,0.0,0,0,0.0,0,0,0,0.0,0,0,0
0022000907,1610612741,Chicago,Bulls,CHI,bulls,1628374,Lauri,Markkanen,L. Markkanen,lauri-markkanen,,,24,1629130,Duncan,Robinson,D. Robinson,duncan-robinson,55,0:25,24.6,2.3,0.029,0.052,0.091,0,3,3,0,0,0,0,1,1,1.0,1,1,1.0,0,0,0,0.0,0,0,0
0022000907,1610612741,Chicago,Bulls,CHI,bulls,1628374,Lauri,Markkanen,L. Markkanen,lauri-markkanen,,,24,1629622,Max,Strus,M. Strus,max-strus,31,1:25,84.9,8.4,0.335,0.179,0.385,0,3,12,0,0,0,0,1,2,0.5,1,1,1.0,0,0,0,0.0,0,0,0
0022000907,1610612741,Chicago,Bulls,CHI,bulls,1628374,Lauri,Markkanen,L. Markkanen,lauri-markkanen,,,24,1629216,Gabe,Vincent,G. Vincent,gabe-vincent,2,0:30,29.5,1.8,0.056,0.062,0.079,0,0,7,1,0,0,0,0,0,0.0,0,0,0.0,0,0,0,0.0,0,0,0
0022000907,1610612741,Chicago,Bulls,CHI,bulls,201152,Thaddeus,Young,T. Young,thaddeus-young,,,21,1628389,Bam,Adebayo,B. Adebayo,bam-adebayo,13,0:53,53.2,4.3,0.066,0.107,0.167,0,0,3,0,0,1,0,0,0,0.0,0,0,0.0,0,0,0,0.0,0,0,0
0022000907,1610612741,Chicago,Bulls,CHI,bulls,201152,Thaddeus,Young,T. Young,thaddeus-young,,,21,2772,Trevor,Ariza,T. Ariza,trevor-ariza,8,1:49,109.4,9.5,0.161,0.22,0.44,0,0,11,1,0,0,0,0,0,0.0,0,0,0.0,0,0,0,0.0,0,0,0
0022000907,1610612741,Chicago,Bulls,CHI,bulls,201152,Thaddeus,Young,T. Young,thaddeus-young,,,21,202710,Jimmy,Butler III,J. Butler III,jimmy-butler-iii,22,1:42,102.0,6.6,0.124,0.205,0.309,0,0,3,1,0,0,0,0,2,0.0,0,1,0.0,0,0,0,0.0,0,0,0
0022000907,1610612741,Chicago,Bulls,CHI,bulls,201152,Thaddeus,Young,T. Young,thaddeus-young,,,21,203473,Dewayne,Dedmon,D. Dedmon,dewayne-dedmon,21,0:34,34.2,2.1,0.118,0.069,0.19,0,0,0,0,0,0,0,0,0,0.0,0,0,0.0,0,0,0,0.0,0,0,0
0022000907,1610612741,Chicago,Bulls,CHI,bulls,201152,Thaddeus,Young,T. Young,thaddeus-young,,,21,2738,Andre,Iguodala,A. Iguodala,andre-iguodala,28,1:11,70.8,5.3,0.163,0.142,0.283,0,2,10,0,0,0,0,1,1,1.0,0,0,0.0,0,0,0,0.0,0,0,0
0022000907,1610612741,Chicago,Bulls,CHI,bulls,201152,Thaddeus,Young,T. Young,thaddeus-young,,,21,1629134,Kendrick,Nunn,K. Nunn,kendrick-nunn,25,0:24,24.2,2.2,0.03,0.048,0.072,0,0,3,0,0,1,0,0,0,0.0,0,0,0.0,0,0,0,0.0,0,0,0
0022000907,1610612741,Chicago,Bulls,CHI,bulls,201152,Thaddeus,Young,T. Young,thaddeus-young,,,21,1629130,Duncan,Robinson,D. Robinson,duncan-robinson,55,0:25,25.4,2.1,0.03,0.051,0.076,0,0,2,0,0,0,0,0,0,0.0,0,0,0.0,0,0,0,0.0,0,0,0
0022000907,1610612741,Chicago,Bulls,CHI,bulls,201152,Thaddeus,Young,T. Young,thaddeus-young,,,21,1629622,Max,Strus,M. Strus,max-strus,31,0:19,18.8,1.0,0.074,0.038,0.113,0,4,6,0,0,0,0,2,2,1.0,0,0,0.0,0,0,0,0.0,0,0,0
0022000907,1610612741,Chicago,Bulls,CHI,bulls,201152,Thaddeus,Young,T. Young,thaddeus-young,,,21,1629216,Gabe,Vincent,G. Vincent,gabe-vincent,2,1:39,98.7,7.6,0.188,0.198,0.297,0,0,6,0,0,1,0,0,1,0.0,0,0,0.0,0,0,0,0.0,0,0,0
0022000907,1610612741,Chicago,Bulls,CHI,bulls,203107,Tomas,Satoransky,T. Satoransky,tomas-satoransky,,,31,1628389,Bam,Adebayo,B. Adebayo,bam-adebayo,13,0:50,49.9,2.6,0.062,0.162,0.376,0,0,5,0,0,0,0,0,0,0.0,0,0,0.0,0,0,0,0.0,0,0,0
0022000907,1610612741,Chicago,Bulls,CHI,bulls,203107,Tomas,Satoransky,T. Satoransky,tomas-satoransky,,,31,2772,Trevor,Ariza,T. Ariza,trevor-ariza,8,0:09,9.4,1.3,0.014,0.03,0.083,0,0,2,0,0,0,0,0,0,0.0,0,0,0.0,0,0,0,0.0,0,0,0
0022000907,1610612741,Chicago,Bulls,CHI,bulls,203107,Tomas,Satoransky,T. Satoransky,tomas-satoransky,,,31,202710,Jimmy,Butler III,J. Butler III,jimmy-butler-iii,22,0:29,28.5,1.8,0.035,0.093,0.179,0,0,3,0,0,0,0,0,0,0.0,0,0,0.0,0,0,0,0.0,0,0,0
0022000907,1610612741,Chicago,Bulls,CHI,bulls,203107,Tomas,Satoransky,T. Satoransky,tomas-satoransky,,,31,203473,Dewayne,Dedmon,D. Dedmon,dewayne-dedmon,21,0:07,6.8,0.3,0.024,0.022,0.039,0,0,0,0,0,0,0,0,0,0.0,0,0,0.0,0,0,0,0.0,0,0,0
0022000907,1610612741,Chicago,Bulls,CHI,bulls,203107,Tomas,Satoransky,T. Satoransky,tomas-satoransky,,,31,2738,Andre,Iguodala,A. Iguodala,andre-iguodala,28,0:18,18.4,2.7,0.042,0.06,0.095,0,0,0,0,0,1,0,0,0,0.0,0,0,0.0,0,0,0,0.0,0,0,0
0022000907,1610612741,Chicago,Bulls,CHI,bulls,203107,Tomas,Satoransky,T. Satoransky,tomas-satoransky,,,31,1629134,Kendrick,Nunn,K. Nunn,kendrick-nunn,25,0:04,3.8,0.2,0.005,0.012,0.025,0,0,0,0,0,0,0,0,0,0.0,0,0,0.0,0,0,0,0.0,0,0,0
0022000907,1610612741,Chicago,Bulls,CHI,bulls,203107,Tomas,Satoransky,T. Satoransky,tomas-satoransky,,,31,1629130,Duncan,Robinson,D. Robinson,duncan-robinson,55,0:23,23.2,1.8,0.027,0.075,0.133,0,0,2,0,0,1,0,0,1,0.0,0,1,0.0,0,0,0,0.0,0,0,0
0022000907,1610612741,Chicago,Bulls,CHI,bulls,203107,Tomas,Satoransky,T. Satoransky,tomas-satoransky,,,31,1629622,Max,Strus,M. Strus,max-strus,31,0:11,10.6,1.4,0.042,0.034,0.08,0,0,0,0,0,0,0,0,0,0.0,0,0,0.0,0,0,0,0.0,0,0,0
0022000907,1610612741,Chicago,Bulls,CHI,bulls,203107,Tomas,Satoransky,T. Satoransky,tomas-satoransky,,,31,1629216,Gabe,Vincent,G. Vincent,gabe-vincent,2,2:28,148.0,11.0,0.282,0.481,0.481,0,2,11,0,0,0,0,0,1,0.0,0,1,0.0,0,0,0,0.0,2,2,0
0022000907,1610612741,Chicago,Bulls,CHI,bulls,1627853,Ryan,Arcidiacono,R. Arcidiacono,ryan-arcidiacono,,,51,1628389,Bam,Adebayo,B. Adebayo,bam-adebayo,13,0:07,7.4,1.6,0.009,0.037,0.054,0,0,3,0,0,0,0,0,0,0.0,0,0,0.0,0,0,0,0.0,0,0,0
0022000907,1610612741,Chicago,Bulls,CHI,bulls,1627853,Ryan,Arcidiacono,R. Arcidiacono,ryan-arcidiacono,,,51,202710,Jimmy,Butler III,J. Butler III,jimmy-butler-iii,22,0:03,2.8,0.1,0.003,0.014,0.061,0,0,0,0,0,0,0,0,0,0.0,0,0,0.0,0,0,0,0.0,0,0,0
0022000907,1610612741,Chicago,Bulls,CHI,bulls,1627853,Ryan,Arcidiacono,R. Arcidiacono,ryan-arcidiacono,,,51,203473,Dewayne,Dedmon,D. Dedmon,dewayne-dedmon,21,0:01,1.4,0.2,0.005,0.007,0.023,0,0,0,0,0,0,0,0,0,0.0,0,0,0.0,0,0,0,0.0,0,0,0
0022000907,1610612741,Chicago,Bulls,CHI,bulls,1627853,Ryan,Arcidiacono,R. Arcidiacono,ryan-arcidiacono,,,51,2738,Andre,Iguodala,A. Iguodala,andre-iguodala,28,0:23,22.8,1.3,0.053,0.115,0.115,0,0,0,0,0,0,0,0,0,0.0,0,0,0.0,0,0,0,0.0,0,0,0
0022000907,1610612741,Chicago,Bulls,CHI,bulls,1627853,Ryan,Arcidiacono,R. Arcidiacono,ryan-arcidiacono,,,51,1629134,Kendrick,Nunn,K. Nunn,kendrick-nunn,25,1:24,84.4,6.5,0.105,0.426,0.553,0,0,2,2,0,0,0,0,0,0.0,0,0,0.0,0,0,0,0.0,0,0,0
0022000907,1610612741,Chicago,Bulls,CHI,bulls,1627853,Ryan,Arcidiacono,R. Arcidiacono,ryan-arcidiacono,,,51,1629130,Duncan,Robinson,D. Robinson,duncan-robinson,55,0:26,25.9,1.8,0.03,0.131,0.395,0,0,3,0,0,0,0,0,0,0.0,0,0,0.0,0,0,0,0.0,0,0,0
0022000907,1610612741,Chicago,Bulls,CHI,bulls,1627853,Ryan,Arcidiacono,R. Arcidiacono,ryan-arcidiacono,,,51,1629622,Max,Strus,M. Strus,max-strus,31,0:27,26.8,1.8,0.106,0.135,0.196,0,3,3,0,0,0,0,1,1,1.0,1,1,1.0,0,0,0,0.0,0,0,0
0022000907,1610612741,Chicago,Bulls,CHI,bulls,1627853,Ryan,Arcidiacono,R. Arcidiacono,ryan-arcidiacono,,,51,1629216,Gabe,Vincent,G. Vincent,gabe-vincent,2,0:10,10.0,1.3,0.019,0.051,0.052,0,0,0,0,0,0,0,0,1,0.0,0,1,0.0,0,0,0,0.0,0,0,0
0022000907,1610612741,Chicago,Bulls,CHI,bulls,1627756,Denzel,Valentine,D. Valentine,denzel-valentine,,,45,1628389,Bam,Adebayo,B. Adebayo,bam-adebayo,13,0:35,35.1,2.9,0.044,0.09,0.094,0,0,2,1,0,0,0,0,0,0.0,0,0,0.0,0,0,0,0.0,0,0,0
0022000907,1610612741,Chicago,Bulls,CHI,bulls,1627756,Denzel,Valentine,D. Valentine,denzel-valentine,,,45,2772,Trevor,Ariza,T. Ariza,trevor-ariza,8,0:20,20.4,3.4,0.03,0.052,0.157,0,3,5,0,0,0,0,1,1,1.0,1,1,1.0,0,0,0,0.0,0,0,0
0022000907,1610612741,Chicago,Bulls,CHI,bulls,1627756,Denzel,Valentine,D. Valentine,denzel-valentine,,,45,202710,Jimmy,Butler III,J. Butler III,jimmy-butler-iii,22,0:09,8.8,1.5,0.011,0.023,0.053,0,0,0,0,0,0,0,0,1,0.0,0,1,0.0,0,0,0,0.0,0,0,0
0022000907,1610612741,Chicago,Bulls,CHI,bulls,1627756,Denzel,Valentine,D. Valentine,denzel-valentine,,,45,203473,Dewayne,Dedmon,D. Dedmon,dewayne-dedmon,21,0:02,1.9,0.1,0.007,0.005,0.121,0,0,0,0,0,0,0,0,0,0.0,0,0,0.0,0,0,0,0.0,0,0,0
0022000907,1610612741,Chicago,Bulls,CHI,bulls,1627756,Denzel,Valentine,D. Valentine,denzel-valentine,,,45,2738,Andre,Iguodala,A. Iguodala,andre-iguodala,28,0:39,39.3,5.1,0.09,0.101,0.142,0,3,14,0,0,0,0,1,1,1.0,1,1,1.0,0,0,0,0.0,0,0,0
0022000907,1610612741,Chicago,Bulls,CHI,bulls,1627756,Denzel,Valentine,D. Valentine,denzel-valentine,,,45,1629134,Kendrick,Nunn,K. Nunn,kendrick-nunn,25,2:37,156.9,11.5,0.194,0.403,0.403,0,3,18,1,0,0,0,1,3,0.333,1,2,0.5,0,0,0,0.0,0,0,0
0022000907,1610612741,Chicago,Bulls,CHI,bulls,1627756,Denzel,Valentine,D. Valentine,denzel-valentine,,,45,1629130,Duncan,Robinson,D. Robinson,duncan-robinson,55,0:20,20.4,2.0,0.024,0.052,0.103,0,0,0,0,0,0,0,0,0,0.0,0,0,0.0,0,0,0,0.0,0,0,0
0022000907,1610612741,Chicago,Bulls,CHI,bulls,1627756,Denzel,Valentine,D. Valentine,denzel-valentine,,,45,1629622,Max,Strus,M. Strus,max-strus,31,1:22,82.1,6.7,0.324,0.211,0.476,0,0,3,1,0,0,0,0,1,0.0,0,0,0.0,0,0,0,0.0,0,0,0
0022000907,1610612741,Chicago,Bulls,CHI,bulls,1627756,Denzel,Valentine,D. Valentine,denzel-valentine,,,45,1629216,Gabe,Vincent,G. Vincent,gabe-vincent,2,0:21,20.8,1.9,0.04,0.053,0.093,0,0,5,0,0,0,0,0,1,0.0,0,0,0.0,0,0,0,0.0,0,0,0
