gameId,teamId,teamCity,teamName,teamTricode,teamSlug,personIdOff,firstNameOff,familyNameOff,nameIOff,playerSlugOff,positionOff,commentOff,jerseyNumOff,personIdDef,firstNameDef,familyNameDef,nameIDef,playerSlugDef,jerseyNumDef,matchupMinutes,matchupMinutesSort,partialPossessions,percentageDefenderTotalTime,percentageOffensiveTotalTime,percentageTotalTimeBothOn,switchesOn,playerPoints,teamPoints,matchupAssists,matchupPotentialAssists,matchupTurnovers,matchupBlocks,matchupFieldGoalsMade,matchupFieldGoalsAttempted,matchupFieldGoalsPercentage,matchupThreePointersMade,matchupThreePointersAttempted,matchupThreePointersPercentage,helpBlocks,helpFieldGoalsMade,helpFieldGoalsAttempted,helpFieldGoalsPercentage,matchupFreeThrowsMade,matchupFreeThrowsAttempted,shootingFouls
0022500272,1610612749,Milwaukee,Bucks,MIL,bucks,1628398,Kyle,Kuzma,K. Kuzma,kyle-kuzma,F,,18,1630595,Cade,Cunningham,C. Cunningham,cade-cunningham,2,4:29,269.0,22.2,0.335,0.659,0.659,0,4,26,2,0,1,0,2,6,0.333,0,1,0.0,0,0,0,0.0,0,0,0
0022500272,1610612749,Milwaukee,Bucks,MIL,bucks,1628398,Kyle,Kuzma,K. Kuzma,kyle-kuzma,F,,18,1631105,Jalen,Duren,J. Duren,jalen-duren,0,0:19,18.9,1.3,0.027,0.046,0.054,0,0,0,0,0,0,0,0,1,0.0,0,0,0.0,0,0,0,0.0,0,0,0
0022500272,1610612749,Milwaukee,Bucks,MIL,bucks,1628398,Kyle,Kuzma,K. Kuzma,kyle-kuzma,F,,18,1629750,Javonte,Green,J. Green,javonte-green,31,0:09,9.2,0.4,0.03,0.023,0.412,0,0,0,0,0,0,0,0,0,0.0,0,0,0.0,0,0,0,0.0,0,0,0
0022500272,1610612749,Milwaukee,Bucks,MIL,bucks,1628398,Kyle,Kuzma,K. Kuzma,kyle-kuzma,F,,18,202699,Tobias,Harris,T. Harris,tobias-harris,12,0:12,11.6,0.8,0.02,0.029,0.042,0,0,2,0,0,0,0,0,1,0.0,0,0,0.0,0,0,0,0.0,0,0,0
0022500272,1610612749,Milwaukee,Bucks,MIL,bucks,1628398,Kyle,Kuzma,K. Kuzma,kyle-kuzma,F,,18,1631093,Jaden,Ivey,J. Ivey,jaden-ivey,23,0:01,1.4,0.1,0.004,0.004,0.028,0,0,0,0,0,0,0,0,0,0.0,0,0,0.0,0,0,0,0.0,0,0,0
0022500272,1610612749,Milwaukee,Bucks,MIL,bucks,1628398,Kyle,Kuzma,K. Kuzma,kyle-kuzma,F,,18,1627747,Caris,LeVert,C. LeVert,caris-levert,8,0:19,19.4,1.9,0.055,0.048,0.149,0,5,5,0,0,0,0,2,2,1.0,1,1,1.0,0,0,0,0.0,0,0,0
0022500272,1610612749,Milwaukee,Bucks,MIL,bucks,1628398,Kyle,Kuzma,K. Kuzma,kyle-kuzma,F,,18,1630194,Paul,Reed,P. Reed,paul-reed,7,0:05,5.3,1.0,0.063,0.013,0.09,0,2,2,0,0,0,0,1,1,1.0,0,0,0.0,0,0,0,0.0,0,0,0
0022500272,1610612749,Milwaukee,Bucks,MIL,bucks,1628398,Kyle,Kuzma,K. Kuzma,kyle-kuzma,F,,18,1629130,Duncan,Robinson,D. Robinson,duncan-robinson,55,0:40,39.8,2.3,0.055,0.097,0.131,0,2,2,0,0,0,0,1,1,1.0,0,0,0.0,0,0,0,0.0,0,0,0
0022500272,1610612749,Milwaukee,Bucks,MIL,bucks,1628398,Kyle,Kuzma,K. Kuzma,kyle-kuzma,F,,18,1630191,Isaiah,Stewart,I. Stewart,isaiah-stewart,28,0:15,15.1,1.1,0.024,0.037,0.141,0,2,2,0,0,0,1,0,1,0.0,0,0,0.0,0,0,0,0.0,2,2,1
0022500272,1610612749,Milwaukee,Bucks,MIL,bucks,1628398,Kyle,Kuzma,K. Kuzma,kyle-kuzma,F,,18,1641709,Ausar,Thompson,A. Thompson,ausar-thompson,9,0:23,22.7,2.3,0.033,0.056,0.069,0,0,1,0,0,0,0,0,0,0.0,0,0,0.0,0,0,0,0.0,0,0,0
0022500272,1610612749,Milwaukee,Bucks,MIL,bucks,1626171,Bobby,Portis,B. Portis,bobby-portis,F,,9,1630595,Cade,Cunningham,C. Cunningham,cade-cunningham,2,0:50,50.0,4.5,0.062,0.078,0.092,0,2,9,1,0,0,0,1,1,1.0,0,0,0.0,0,0,0,0.0,0,0,0
0022500272,1610612749,Milwaukee,Bucks,MIL,bucks,1626171,Bobby,Portis,B. Portis,bobby-portis,F,,9,1631105,Jalen,Duren,J. Duren,jalen-duren,0,5:43,342.6,26.3,0.497,0.534,0.689,0,9,22,1,0,0,0,3,6,0.5,3,4,0.75,0,0,0,0.0,0,0,0
0022500272,1610612749,Milwaukee,Bucks,MIL,bucks,1626171,Bobby,Portis,B. Portis,bobby-portis,F,,9,1629750,Javonte,Green,J. Green,javonte-green,31,0:03,2.7,0.1,0.009,0.004,0.119,0,0,0,0,0,0,0,0,0,0.0,0,0,0.0,0,0,0,0.0,0,0,0
0022500272,1610612749,Milwaukee,Bucks,MIL,bucks,1626171,Bobby,Portis,B. Portis,bobby-portis,F,,9,202699,Tobias,Harris,T. Harris,tobias-harris,12,0:05,5.4,0.5,0.009,0.008,0.014,0,0,0,0,0,0,0,0,0,0.0,0,0,0.0,0,0,0,0.0,0,0,0
0022500272,1610612749,Milwaukee,Bucks,MIL,bucks,1626171,Bobby,Portis,B. Portis,bobby-portis,F,,9,1641842,Ronald,Holland II,R. Holland II,ronald-holland-ii,5,0:50,49.6,3.0,0.117,0.077,0.585,0,0,0,0,0,0,0,0,0,0.0,0,0,0.0,0,0,0,0.0,0,0,0
0022500272,1610612749,Milwaukee,Bucks,MIL,bucks,1626171,Bobby,Portis,B. Portis,bobby-portis,F,,9,1631093,Jaden,Ivey,J. Ivey,jaden-ivey,23,0:11,10.9,0.6,0.028,0.017,0.053,0,0,2,0,0,0,0,0,0,0.0,0,0,0.0,0,0,0,0.0,0,0,0
0022500272,1610612749,Milwaukee,Bucks,MIL,bucks,1626171,Bobby,Portis,B. Portis,bobby-portis,F,,9,1642450,Daniss,Jenkins,D. Jenkins,daniss-jenkins,24,0:07,7.2,0.5,0.022,0.011,0.073,0,0,0,0,0,0,0,0,0,0.0,0,0,0.0,0,0,0,0.0,0,0,0
0022500272,1610612749,Milwaukee,Bucks,MIL,bucks,1626171,Bobby,Portis,B. Portis,bobby-portis,F,,9,1627747,Caris,LeVert,C. LeVert,caris-levert,8,0:20,20.2,1.8,0.057,0.032,0.088,0,5,7,0,0,0,0,2,2,1.0,1,1,1.0,0,0,0,0.0,0,0,0
0022500272,1610612749,Milwaukee,Bucks,MIL,bucks,1626171,Bobby,Portis,B. Portis,bobby-portis,F,,9,1630194,Paul,Reed,P. Reed,paul-reed,7,0:39,38.9,3.3,0.458,0.061,0.657,0,0,5,0,0,0,0,0,0,0.0,0,0,0.0,0,0,0,0.0,0,0,0
0022500272,1610612749,Milwaukee,Bucks,MIL,bucks,1626171,Bobby,Portis,B. Portis,bobby-portis,F,,9,1629130,Duncan,Robinson,D. Robinson,duncan-robinson,55,0:31,30.7,2.5,0.042,0.048,0.08,0,0,5,0,0,0,0,0,0,0.0,0,0,0.0,0,0,0,0.0,0,0,0
0022500272,1610612749,Milwaukee,Bucks,MIL,bucks,1626171,Bobby,Portis,B. Portis,bobby-portis,F,,9,1630191,Isaiah,Stewart,I. Stewart,isaiah-stewart,28,0:28,28.0,2.9,0.045,0.044,0.126,0,0,0,0,0,0,0,0,0,0.0,0,0,0.0,0,0,0,0.0,0,0,0
0022500272,1610612749,Milwaukee,Bucks,MIL,bucks,1626171,Bobby,Portis,B. Portis,bobby-portis,F,,9,1641709,Ausar,Thompson,A. Thompson,ausar-thompson,9,0:34,34.2,3.8,0.05,0.053,0.074,0,4,10,0,0,0,0,2,2,1.0,0,0,0.0,0,0,0,0.0,0,0,0
0022500272,1610612749,Milwaukee,Bucks,MIL,bucks,1626167,Myles,Turner,M. Turner,myles-turner,C,,3,1630595,Cade,Cunningham,C. Cunningham,cade-cunningham,2,0:54,53.6,4.8,0.067,0.071,0.086,0,2,11,1,0,0,0,1,2,0.5,0,1,0.0,0,0,0,0.0,0,0,0
0022500272,1610612749,Milwaukee,Bucks,MIL,bucks,1626167,Myles,Turner,M. Turner,myles-turner,C,,3,1631105,Jalen,Duren,J. Duren,jalen-duren,0,1:08,67.6,7.1,0.098,0.089,0.127,0,0,5,0,0,0,0,0,1,0.0,0,1,0.0,0,0,0,0.0,0,0,0
0022500272,1610612749,Milwaukee,Bucks,MIL,bucks,1626167,Myles,Turner,M. Turner,myles-turner,C,,3,1629750,Javonte,Green,J. Green,javonte-green,31,2:41,161.4,11.0,0.521,0.213,0.848,0,0,10,0,0,0,0,0,1,0.0,0,1,0.0,0,0,0,0.0,0,0,0
0022500272,1610612749,Milwaukee,Bucks,MIL,bucks,1626167,Myles,Turner,M. Turner,myles-turner,C,,3,202699,Tobias,Harris,T. Harris,tobias-harris,12,5:11,311.0,22.8,0.529,0.41,0.784,0,2,16,1,0,0,0,1,2,0.5,0,1,0.0,0,0,0,0.0,0,0,0
0022500272,1610612749,Milwaukee,Bucks,MIL,bucks,1626167,Myles,Turner,M. Turner,myles-turner,C,,3,1631093,Jaden,Ivey,J. Ivey,jaden-ivey,23,0:07,7.3,1.0,0.018,0.01,0.043,0,0,2,0,0,0,0,0,0,0.0,0,0,0.0,0,0,0,0.0,0,0,0
0022500272,1610612749,Milwaukee,Bucks,MIL,bucks,1626167,Myles,Turner,M. Turner,myles-turner,C,,3,1642450,Daniss,Jenkins,D. Jenkins,daniss-jenkins,24,0:07,6.8,0.3,0.02,0.009,0.052,0,0,0,0,0,1,0,0,0,0.0,0,0,0.0,0,0,0,0.0,0,0,0
0022500272,1610612749,Milwaukee,Bucks,MIL,bucks,1626167,Myles,Turner,M. Turner,myles-turner,C,,3,1627747,Caris,LeVert,C. LeVert,caris-levert,8,0:05,5.2,0.8,0.015,0.007,0.027,0,3,3,0,0,0,0,1,1,1.0,1,1,1.0,0,0,0,0.0,0,0,0
0022500272,1610612749,Milwaukee,Bucks,MIL,bucks,1626167,Myles,Turner,M. Turner,myles-turner,C,,3,1630194,Paul,Reed,P. Reed,paul-reed,7,0:12,11.9,0.5,0.14,0.016,0.201,0,0,0,0,0,0,0,0,0,0.0,0,0,0.0,0,0,0,0.0,0,0,0
0022500272,1610612749,Milwaukee,Bucks,MIL,bucks,1626167,Myles,Turner,M. Turner,myles-turner,C,,3,1629130,Duncan,Robinson,D. Robinson,duncan-robinson,55,0:25,25.1,2.5,0.035,0.033,0.047,0,3,7,0,0,0,0,1,1,1.0,1,1,1.0,0,0,0,0.0,0,0,0
0022500272,1610612749,Milwaukee,Bucks,MIL,bucks,1626167,Myles,Turner,M. Turner,myles-turner,C,,3,1630191,Isaiah,Stewart,I. Stewart,isaiah-stewart,28,1:26,85.9,8.1,0.138,0.113,0.253,0,0,10,0,0,0,0,0,0,0.0,0,0,0.0,0,0,0,0.0,0,0,0
0022500272,1610612749,Milwaukee,Bucks,MIL,bucks,1626167,Myles,Turner,M. Turner,myles-turner,C,,3,1641709,Ausar,Thompson,A. Thompson,ausar-thompson,9,0:31,31.1,3.0,0.046,0.041,0.064,0,3,9,1,0,0,0,1,1,1.0,0,0,0.0,0,0,0,0.0,1,1,1
0022500272,1610612749,Milwaukee,Bucks,MIL,bucks,1631260,AJ,Green,A. Green,aj-green,G,,20,1630595,Cade,Cunningham,C. Cunningham,cade-cunningham,2,0:46,46.4,2.7,0.058,0.066,0.075,0,0,0,0,0,0,0,0,1,0.0,0,1,0.0,0,0,0,0.0,0,0,0
0022500272,1610612749,Milwaukee,Bucks,MIL,bucks,1631260,AJ,Green,A. Green,aj-green,G,,20,1631105,Jalen,Duren,J. Duren,jalen-duren,0,0:26,26.2,2.1,0.038,0.037,0.048,0,0,2,0,0,0,0,0,1,0.0,0,1,0.0,0,0,0,0.0,0,0,0
0022500272,1610612749,Milwaukee,Bucks,MIL,bucks,1631260,AJ,Green,A. Green,aj-green,G,,20,202699,Tobias,Harris,T. Harris,tobias-harris,12,0:42,41.7,5.6,0.071,0.059,0.105,0,3,12,1,0,0,0,1,2,0.5,1,2,0.5,0,0,0,0.0,0,0,0
0022500272,1610612749,Milwaukee,Bucks,MIL,bucks,1631260,AJ,Green,A. Green,aj-green,G,,20,1641842,Ronald,Holland II,R. Holland II,ronald-holland-ii,5,0:26,25.6,1.2,0.061,0.036,0.36,0,0,0,0,0,0,0,0,1,0.0,0,0,0.0,0,0,0,0.0,0,0,0
0022500272,1610612749,Milwaukee,Bucks,MIL,bucks,1631260,AJ,Green,A. Green,aj-green,G,,20,1631093,Jaden,Ivey,J. Ivey,jaden-ivey,23,2:26,146.3,13.8,0.369,0.207,0.703,0,6,11,0,0,0,0,2,4,0.5,2,4,0.5,0,0,0,0.0,0,0,0
0022500272,1610612749,Milwaukee,Bucks,MIL,bucks,1631260,AJ,Green,A. Green,aj-green,G,,20,1627747,Caris,LeVert,C. LeVert,caris-levert,8,0:56,55.8,4.3,0.158,0.079,0.24,0,3,4,0,0,0,0,1,1,1.0,1,1,1.0,0,0,0,0.0,0,0,0
0022500272,1610612749,Milwaukee,Bucks,MIL,bucks,1631260,AJ,Green,A. Green,aj-green,G,,20,1629130,Duncan,Robinson,D. Robinson,duncan-robinson,55,4:52,291.7,22.7,0.402,0.413,0.657,0,3,28,1,0,0,0,1,1,1.0,1,1,1.0,0,0,0,0.0,0,0,0
0022500272,1610612749,Milwaukee,Bucks,MIL,bucks,1631260,AJ,Green,A. Green,aj-green,G,,20,1630191,Isaiah,Stewart,I. Stewart,isaiah-stewart,28,0:27,27.4,2.2,0.044,0.039,0.096,0,0,2,0,0,0,0,0,1,0.0,0,0,0.0,0,0,0,0.0,0,0,0
0022500272,1610612749,Milwaukee,Bucks,MIL,bucks,1631260,AJ,Green,A. Green,aj-green,G,,20,1641709,Ausar,Thompson,A. Thompson,ausar-thompson,9,0:39,38.7,3.0,0.057,0.055,0.079,0,0,5,0,0,0,0,0,1,0.0,0,1,0.0,0,0,0,0.0,0,0,0
0022500272,1610612749,Milwaukee,Bucks,MIL,bucks,1631157,Ryan,Rollins,R. Rollins,ryan-rollins,G,,13,1630595,Cade,Cunningham,C. Cunningham,cade-cunningham,2,0:53,52.7,5.2,0.066,0.061,0.074,0,3,6,0,0,0,0,1,2,0.5,0,1,0.0,0,0,0,0.0,1,2,1
0022500272,1610612749,Milwaukee,Bucks,MIL,bucks,1631157,Ryan,Rollins,R. Rollins,ryan-rollins,G,,13,1631105,Jalen,Duren,J. Duren,jalen-duren,0,0:53,52.6,5.4,0.076,0.061,0.089,0,2,15,2,0,0,0,1,3,0.333,0,0,0.0,0,0,0,0.0,0,0,0
0022500272,1610612749,Milwaukee,Bucks,MIL,bucks,1631157,Ryan,Rollins,R. Rollins,ryan-rollins,G,,13,1629750,Javonte,Green,J. Green,javonte-green,31,0:15,14.7,0.9,0.047,0.017,0.09,0,0,0,0,0,0,0,0,1,0.0,0,0,0.0,0,0,0,0.0,0,0,0
0022500272,1610612749,Milwaukee,Bucks,MIL,bucks,1631157,Ryan,Rollins,R. Rollins,ryan-rollins,G,,13,202699,Tobias,Harris,T. Harris,tobias-harris,12,0:32,32.2,3.1,0.055,0.037,0.055,0,0,3,0,0,0,1,0,2,0.0,0,1,0.0,0,0,0,0.0,0,0,0
0022500272,1610612749,Milwaukee,Bucks,MIL,bucks,1631157,Ryan,Rollins,R. Rollins,ryan-rollins,G,,13,1641842,Ronald,Holland II,R. Holland II,ronald-holland-ii,5,1:34,94.4,6.7,0.223,0.11,0.526,0,2,7,0,0,0,0,0,2,0.0,0,1,0.0,0,0,0,0.0,2,2,0
0022500272,1610612749,Milwaukee,Bucks,MIL,bucks,1631157,Ryan,Rollins,R. Rollins,ryan-rollins,G,,13,1631093,Jaden,Ivey,J. Ivey,jaden-ivey,23,0:46,46.3,3.5,0.117,0.054,0.215,0,2,5,0,0,0,0,1,2,0.5,0,0,0.0,0,0,0,0.0,0,0,0
0022500272,1610612749,Milwaukee,Bucks,MIL,bucks,1631157,Ryan,Rollins,R. Rollins,ryan-rollins,G,,13,1642450,Daniss,Jenkins,D. Jenkins,daniss-jenkins,24,0:28,27.7,1.8,0.084,0.032,0.278,0,0,3,0,0,0,0,0,0,0.0,0,0,0.0,0,0,0,0.0,0,0,0
0022500272,1610612749,Milwaukee,Bucks,MIL,bucks,1631157,Ryan,Rollins,R. Rollins,ryan-rollins,G,,13,1627747,Caris,LeVert,C. LeVert,caris-levert,8,0:57,57.0,5.1,0.162,0.066,0.331,0,3,7,0,0,0,0,1,2,0.5,1,1,1.0,0,0,0,0.0,0,0,0
0022500272,1610612749,Milwaukee,Bucks,MIL,bucks,1631157,Ryan,Rollins,R. Rollins,ryan-rollins,G,,13,1630194,Paul,Reed,P. Reed,paul-reed,7,0:03,3.1,0.1,0.036,0.004,0.052,0,2,2,0,0,0,0,1,1,1.0,0,0,0.0,0,0,0,0.0,0,0,0
0022500272,1610612749,Milwaukee,Bucks,MIL,bucks,1631157,Ryan,Rollins,R. Rollins,ryan-rollins,G,,13,1629130,Duncan,Robinson,D. Robinson,duncan-robinson,55,0:12,11.8,1.2,0.016,0.014,0.02,0,0,0,0,0,0,0,0,1,0.0,0,1,0.0,0,0,0,0.0,0,0,0
0022500272,1610612749,Milwaukee,Bucks,MIL,bucks,1631157,Ryan,Rollins,R. Rollins,ryan-rollins,G,,13,1630191,Isaiah,Stewart,I. Stewart,isaiah-stewart,28,0:34,34.4,2.7,0.055,0.04,0.11,0,5,5,0,0,0,0,2,2,1.0,1,1,1.0,0,0,0,0.0,0,0,0
0022500272,1610612749,Milwaukee,Bucks,MIL,bucks,1631157,Ryan,Rollins,R. Rollins,ryan-rollins,G,,13,1641709,Ausar,Thompson,A. Thompson,ausar-thompson,9,7:29,449.0,32.6,0.658,0.523,0.746,0,9,35,5,0,3,1,4,7,0.571,1,2,0.5,0,0,0,0.0,0,0,0
0022500272,1610612749,Milwaukee,Bucks,MIL,bucks,1641748,Andre,Jackson Jr.,A. Jackson Jr.,andre-jackson-jr,,,44,1630595,Cade,Cunningham,C. Cunningham,cade-cunningham,2,2:21,141.4,11.3,0.176,0.192,0.358,0,3,11,1,0,1,0,1,1,1.0,1,1,1.0,0,0,0,0.0,0,0,0
0022500272,1610612749,Milwaukee,Bucks,MIL,bucks,1641748,Andre,Jackson Jr.,A. Jackson Jr.,andre-jackson-jr,,,44,1631105,Jalen,Duren,J. Duren,jalen-duren,0,0:17,17.2,1.3,0.025,0.023,0.051,0,2,7,0,0,0,0,1,1,1.0,0,0,0.0,0,0,0,0.0,0,0,0
0022500272,1610612749,Milwaukee,Bucks,MIL,bucks,1641748,Andre,Jackson Jr.,A. Jackson Jr.,andre-jackson-jr,,,44,1629750,Javonte,Green,J. Green,javonte-green,31,1:05,64.9,4.5,0.21,0.088,0.262,0,0,6,0,0,0,0,0,0,0.0,0,0,0.0,0,0,0,0.0,0,0,0
0022500272,1610612749,Milwaukee,Bucks,MIL,bucks,1641748,Andre,Jackson Jr.,A. Jackson Jr.,andre-jackson-jr,,,44,202699,Tobias,Harris,T. Harris,tobias-harris,12,2:11,131.2,8.7,0.223,0.178,0.425,0,2,10,2,0,0,0,1,3,0.333,0,1,0.0,0,0,0,0.0,0,0,0
0022500272,1610612749,Milwaukee,Bucks,MIL,bucks,1641748,Andre,Jackson Jr.,A. Jackson Jr.,andre-jackson-jr,,,44,1641842,Ronald,Holland II,R. Holland II,ronald-holland-ii,5,0:43,43.2,4.1,0.102,0.059,0.121,0,0,6,0,0,0,0,0,0,0.0,0,0,0.0,0,0,0,0.0,0,0,0
0022500272,1610612749,Milwaukee,Bucks,MIL,bucks,1641748,Andre,Jackson Jr.,A. Jackson Jr.,andre-jackson-jr,,,44,1631093,Jaden,Ivey,J. Ivey,jaden-ivey,23,0:41,40.9,3.1,0.103,0.056,0.118,0,0,5,1,0,0,0,0,0,0.0,0,0,0.0,0,0,0,0.0,0,0,0
0022500272,1610612749,Milwaukee,Bucks,MIL,bucks,1641748,Andre,Jackson Jr.,A. Jackson Jr.,andre-jackson-jr,,,44,1642450,Daniss,Jenkins,D. Jenkins,daniss-jenkins,24,0:17,16.8,2.4,0.051,0.023,0.063,0,0,3,1,0,1,0,0,0,0.0,0,0,0.0,0,0,0,0.0,0,0,0
0022500272,1610612749,Milwaukee,Bucks,MIL,bucks,1641748,Andre,Jackson Jr.,A. Jackson Jr.,andre-jackson-jr,,,44,1627747,Caris,LeVert,C. LeVert,caris-levert,8,1:41,101.1,8.1,0.286,0.137,0.455,0,0,2,0,0,0,0,0,0,0.0,0,0,0.0,0,0,0,0.0,0,0,0
0022500272,1610612749,Milwaukee,Bucks,MIL,bucks,1641748,Andre,Jackson Jr.,A. Jackson Jr.,andre-jackson-jr,,,44,1629130,Duncan,Robinson,D. Robinson,duncan-robinson,55,1:57,116.8,8.6,0.161,0.159,0.305,0,0,16,1,0,0,0,0,1,0.0,0,0,0.0,0,0,0,0.0,0,0,0
0022500272,1610612749,Milwaukee,Bucks,MIL,bucks,1641748,Andre,Jackson Jr.,A. Jackson Jr.,andre-jackson-jr,,,44,1630191,Isaiah,Stewart,I. Stewart,isaiah-stewart,28,0:27,27.3,2.0,0.044,0.037,0.057,0,0,5,0,0,0,0,0,0,0.0,0,0,0.0,0,0,0,0.0,0,0,0
0022500272,1610612749,Milwaukee,Bucks,MIL,bucks,1641748,Andre,Jackson Jr.,A. Jackson Jr.,andre-jackson-jr,,,44,1641709,Ausar,Thompson,A. Thompson,ausar-thompson,9,0:22,22.3,1.9,0.033,0.03,0.069,0,0,0,0,0,0,0,0,0,0.0,0,0,0.0,0,0,0,0.0,0,0,0
0022500272,1610612749,Milwaukee,Bucks,MIL,bucks,1630579,Jericho,Sims,J. Sims,jericho-sims,,,00,1630595,Cade,Cunningham,C. Cunningham,cade-cunningham,2,0:15,14.6,1.8,0.018,0.023,0.056,0,0,8,1,0,0,0,0,0,0.0,0,0,0.0,0,0,0,0.0,0,0,0
0022500272,1610612749,Milwaukee,Bucks,MIL,bucks,1630579,Jericho,Sims,J. Sims,jericho-sims,,,00,1631105,Jalen,Duren,J. Duren,jalen-duren,0,1:44,103.5,7.1,0.15,0.165,0.544,0,0,9,1,0,1,0,0,0,0.0,0,0,0.0,0,0,0,0.0,0,0,0
0022500272,1610612749,Milwaukee,Bucks,MIL,bucks,1630579,Jericho,Sims,J. Sims,jericho-sims,,,00,1629750,Javonte,Green,J. Green,javonte-green,31,0:11,11.3,1.7,0.036,0.018,0.039,0,2,2,0,0,0,0,1,1,1.0,0,0,0.0,0,0,0,0.0,0,0,0
0022500272,1610612749,Milwaukee,Bucks,MIL,bucks,1630579,Jericho,Sims,J. Sims,jericho-sims,,,00,202699,Tobias,Harris,T. Harris,tobias-harris,12,0:31,31.3,1.7,0.053,0.05,0.164,0,0,2,0,0,0,0,0,0,0.0,0,0,0.0,0,0,0,0.0,0,0,0
0022500272,1610612749,Milwaukee,Bucks,MIL,bucks,1630579,Jericho,Sims,J. Sims,jericho-sims,,,00,1641842,Ronald,Holland II,R. Holland II,ronald-holland-ii,5,0:28,27.7,3.7,0.065,0.044,0.073,0,0,3,0,0,0,0,0,0,0.0,0,0,0.0,0,0,0,0.0,0,0,0
0022500272,1610612749,Milwaukee,Bucks,MIL,bucks,1630579,Jericho,Sims,J. Sims,jericho-sims,,,00,1631093,Jaden,Ivey,J. Ivey,jaden-ivey,23,0:38,38.3,2.3,0.097,0.061,0.132,0,0,2,0,0,0,0,0,0,0.0,0,0,0.0,0,0,0,0.0,0,0,0
0022500272,1610612749,Milwaukee,Bucks,MIL,bucks,1630579,Jericho,Sims,J. Sims,jericho-sims,,,00,1642450,Daniss,Jenkins,D. Jenkins,daniss-jenkins,24,0:25,24.8,2.2,0.075,0.04,0.086,0,0,2,1,0,0,0,0,0,0.0,0,0,0.0,0,0,0,0.0,0,0,0
0022500272,1610612749,Milwaukee,Bucks,MIL,bucks,1630579,Jericho,Sims,J. Sims,jericho-sims,,,00,1627747,Caris,LeVert,C. LeVert,caris-levert,8,0:24,24.4,1.5,0.069,0.039,0.11,0,0,5,1,0,0,0,0,0,0.0,0,0,0.0,0,0,0,0.0,0,0,0
0022500272,1610612749,Milwaukee,Bucks,MIL,bucks,1630579,Jericho,Sims,J. Sims,jericho-sims,,,00,1629130,Duncan,Robinson,D. Robinson,duncan-robinson,55,0:10,10.1,0.6,0.014,0.016,0.029,0,0,0,0,0,0,0,0,0,0.0,0,0,0.0,0,0,0,0.0,0,0,0
0022500272,1610612749,Milwaukee,Bucks,MIL,bucks,1630579,Jericho,Sims,J. Sims,jericho-sims,,,00,1630191,Isaiah,Stewart,I. Stewart,isaiah-stewart,28,5:53,353.4,23.7,0.568,0.564,0.708,0,6,26,1,0,0,0,3,3,1.0,0,0,0.0,0,0,0,0.0,0,0,0
0022500272,1610612749,Milwaukee,Bucks,MIL,bucks,1630579,Jericho,Sims,J. Sims,jericho-sims,,,00,1641709,Ausar,Thompson,A. Thompson,ausar-thompson,9,0:31,31.2,2.0,0.046,0.05,0.177,0,0,3,0,0,0,0,0,0,0.0,0,0,0.0,0,0,0,0.0,0,0,0
0022500272,1610612749,Milwaukee,Bucks,MIL,bucks,1630175,Cole,Anthony,C. Anthony,cole-anthony,,,50,1630595,Cade,Cunningham,C. Cunningham,cade-cunningham,2,0:35,35.1,4.0,0.044,0.1,0.374,0,0,0,0,0,1,0,0,1,0.0,0,0,0.0,0,0,0,0.0,0,0,0
0022500272,1610612749,Milwaukee,Bucks,MIL,bucks,1630175,Cole,Anthony,C. Anthony,cole-anthony,,,50,1631105,Jalen,Duren,J. Duren,jalen-duren,0,0:17,17.4,1.5,0.025,0.05,0.184,0,0,6,1,0,0,0,0,0,0.0,0,0,0.0,0,0,0,0.0,0,0,0
0022500272,1610612749,Milwaukee,Bucks,MIL,bucks,1630175,Cole,Anthony,C. Anthony,cole-anthony,,,50,1629750,Javonte,Green,J. Green,javonte-green,31,0:06,6.4,1.6,0.021,0.018,0.044,0,2,3,0,0,0,0,1,1,1.0,0,0,0.0,0,0,0,0.0,0,0,0
0022500272,1610612749,Milwaukee,Bucks,MIL,bucks,1630175,Cole,Anthony,C. Anthony,cole-anthony,,,50,1641842,Ronald,Holland II,R. Holland II,ronald-holland-ii,5,0:34,33.7,2.5,0.08,0.096,0.139,0,0,0,0,0,2,0,0,1,0.0,0,1,0.0,0,0,0,0.0,0,0,0
0022500272,1610612749,Milwaukee,Bucks,MIL,bucks,1630175,Cole,Anthony,C. Anthony,cole-anthony,,,50,1631093,Jaden,Ivey,J. Ivey,jaden-ivey,23,0:21,21.2,1.1,0.053,0.06,0.117,0,0,2,0,0,0,0,0,0,0.0,0,0,0.0,0,0,0,0.0,0,0,0
0022500272,1610612749,Milwaukee,Bucks,MIL,bucks,1630175,Cole,Anthony,C. Anthony,cole-anthony,,,50,1642450,Daniss,Jenkins,D. Jenkins,daniss-jenkins,24,2:15,135.2,8.8,0.408,0.385,0.584,0,2,8,1,0,1,0,1,2,0.5,0,1,0.0,0,0,0,0.0,0,0,0
0022500272,1610612749,Milwaukee,Bucks,MIL,bucks,1630175,Cole,Anthony,C. Anthony,cole-anthony,,,50,1642404,Chaz,Lanier,C. Lanier,chaz-lanier,20,0:17,16.6,2.0,0.396,0.047,0.396,0,0,6,0,0,0,0,0,0,0.0,0,0,0.0,0,0,0,0.0,0,0,0
0022500272,1610612749,Milwaukee,Bucks,MIL,bucks,1630175,Cole,Anthony,C. Anthony,cole-anthony,,,50,1627747,Caris,LeVert,C. LeVert,caris-levert,8,0:28,28.4,2.6,0.08,0.081,0.157,0,0,6,0,0,0,0,0,0,0.0,0,0,0.0,0,0,0,0.0,0,0,0
0022500272,1610612749,Milwaukee,Bucks,MIL,bucks,1630175,Cole,Anthony,C. Anthony,cole-anthony,,,50,1629130,Duncan,Robinson,D. Robinson,duncan-robinson,55,0:07,6.6,0.4,0.009,0.019,0.051,0,0,0,0,0,0,0,0,1,0.0,0,1,0.0,0,0,0,0.0,0,0,0
0022500272,1610612749,Milwaukee,Bucks,MIL,bucks,1630175,Cole,Anthony,C. Anthony,cole-anthony,,,50,1630191,Isaiah,Stewart,I. Stewart,isaiah-stewart,28,0:32,32.1,3.4,0.052,0.091,0.104,0,2,8,0,0,1,1,1,2,0.5,0,0,0.0,0,0,0,0.0,0,0,0
0022500272,1610612749,Milwaukee,Bucks,MIL,bucks,1630175,Cole,Anthony,C. Anthony,cole-anthony,,,50,1641709,Ausar,Thompson,A. Thompson,ausar-thompson,9,0:19,18.8,1.7,0.027,0.053,0.232,0,0,0,0,0,0,0,0,0,0.0,0,0,0.0,0,0,0,0.0,0,0,0
0022500272,1610612749,Milwaukee,Bucks,MIL,bucks,1629018,Gary,Trent Jr.,G. Trent Jr.,gary-trent-jr,,,5,1630595,Cade,Cunningham,C. Cunningham,cade-cunningham,2,1:15,75.1,4.1,0.093,0.15,0.409,0,0,4,0,0,0,0,0,0,0.0,0,0,0.0,0,0,0,0.0,0,0,0
0022500272,1610612749,Milwaukee,Bucks,MIL,bucks,1629018,Gary,Trent Jr.,G. Trent Jr.,gary-trent-jr,,,5,1631105,Jalen,Duren,J. Duren,jalen-duren,0,0:03,2.6,0.2,0.004,0.005,0.02,0,3,3,0,0,0,0,1,1,1.0,1,1,1.0,0,0,0,0.0,0,0,0
0022500272,1610612749,Milwaukee,Bucks,MIL,bucks,1629018,Gary,Trent Jr.,G. Trent Jr.,gary-trent-jr,,,5,1629750,Javonte,Green,J. Green,javonte-green,31,0:24,23.9,3.4,0.077,0.048,0.101,0,2,7,0,0,0,0,1,2,0.5,0,1,0.0,0,0,0,0.0,0,0,0
0022500272,1610612749,Milwaukee,Bucks,MIL,bucks,1629018,Gary,Trent Jr.,G. Trent Jr.,gary-trent-jr,,,5,202699,Tobias,Harris,T. Harris,tobias-harris,12,0:02,1.9,0.3,0.003,0.004,0.01,0,0,0,0,0,0,0,0,0,0.0,0,0,0.0,0,0,0,0.0,0,0,0
0022500272,1610612749,Milwaukee,Bucks,MIL,bucks,1629018,Gary,Trent Jr.,G. Trent Jr.,gary-trent-jr,,,5,1641842,Ronald,Holland II,R. Holland II,ronald-holland-ii,5,1:34,94.2,6.4,0.223,0.188,0.27,0,0,7,0,0,0,0,0,0,0.0,0,0,0.0,0,0,0,0.0,0,0,0
0022500272,1610612749,Milwaukee,Bucks,MIL,bucks,1629018,Gary,Trent Jr.,G. Trent Jr.,gary-trent-jr,,,5,1631093,Jaden,Ivey,J. Ivey,jaden-ivey,23,1:09,68.6,4.4,0.173,0.137,0.365,0,0,8,0,0,0,0,0,0,0.0,0,0,0.0,0,0,0,0.0,0,0,0
0022500272,1610612749,Milwaukee,Bucks,MIL,bucks,1629018,Gary,Trent Jr.,G. Trent Jr.,gary-trent-jr,,,5,1642450,Daniss,Jenkins,D. Jenkins,daniss-jenkins,24,0:58,58.0,4.4,0.175,0.116,0.22,0,0,2,0,0,0,0,0,0,0.0,0,0,0.0,0,0,0,0.0,0,0,0
0022500272,1610612749,Milwaukee,Bucks,MIL,bucks,1629018,Gary,Trent Jr.,G. Trent Jr.,gary-trent-jr,,,5,1627747,Caris,LeVert,C. LeVert,caris-levert,8,0:27,26.6,1.4,0.075,0.053,0.22,0,0,0,0,0,0,0,0,0,0.0,0,0,0.0,0,0,0,0.0,0,0,0
0022500272,1610612749,Milwaukee,Bucks,MIL,bucks,1629018,Gary,Trent Jr.,G. Trent Jr.,gary-trent-jr,,,5,1629130,Duncan,Robinson,D. Robinson,duncan-robinson,55,1:43,102.8,7.8,0.142,0.205,0.32,0,3,9,0,0,1,0,1,1,1.0,1,1,1.0,0,0,0,0.0,0,0,0
0022500272,1610612749,Milwaukee,Bucks,MIL,bucks,1629018,Gary,Trent Jr.,G. Trent Jr.,gary-trent-jr,,,5,1630191,Isaiah,Stewart,I. Stewart,isaiah-stewart,28,0:18,18.3,0.8,0.029,0.036,0.049,0,0,0,0,0,0,0,0,0,0.0,0,0,0.0,0,0,0,0.0,0,0,0
0022500272,1610612749,Milwaukee,Bucks,MIL,bucks,1629018,Gary,Trent Jr.,G. Trent Jr.,gary-trent-jr,,,5,1641709,Ausar,Thompson,A. Thompson,ausar-thompson,9,0:04,3.6,0.3,0.005,0.007,0.024,0,0,0,0,0,0,0,0,0,0.0,0,0,0.0,0,0,0,0.0,0,0,0
0022500272,1610612749,Milwaukee,Bucks,MIL,bucks,203914,Gary,Harris,G. Harris,gary-harris,,,11,1630595,Cade,Cunningham,C. Cunningham,cade-cunningham,2,1:06,65.8,5.4,0.082,0.212,0.358,0,0,9,0,0,0,0,0,0,0.0,0,0,0.0,0,0,0,0.0,0,0,0
0022500272,1610612749,Milwaukee,Bucks,MIL,bucks,203914,Gary,Harris,G. Harris,gary-harris,,,11,1631105,Jalen,Duren,J. Duren,jalen-duren,0,0:24,24.1,2.8,0.035,0.078,0.19,0,0,2,0,0,0,0,0,0,0.0,0,0,0.0,0,0,0,0.0,0,0,0
0022500272,1610612749,Milwaukee,Bucks,MIL,bucks,203914,Gary,Harris,G. Harris,gary-harris,,,11,1629750,Javonte,Green,J. Green,javonte-green,31,0:15,15.2,0.9,0.049,0.049,0.127,0,0,0,0,0,0,0,0,0,0.0,0,0,0.0,0,0,0,0.0,0,0,0
0022500272,1610612749,Milwaukee,Bucks,MIL,bucks,203914,Gary,Harris,G. Harris,gary-harris,,,11,202699,Tobias,Harris,T. Harris,tobias-harris,12,0:21,21.4,1.2,0.036,0.069,0.112,0,0,5,2,0,0,0,0,0,0.0,0,0,0.0,0,0,0,0.0,0,0,0
0022500272,1610612749,Milwaukee,Bucks,MIL,bucks,203914,Gary,Harris,G. Harris,gary-harris,,,11,1641842,Ronald,Holland II,R. Holland II,ronald-holland-ii,5,0:16,16.3,1.1,0.039,0.052,0.103,0,0,0,0,0,0,0,0,0,0.0,0,0,0.0,0,0,0,0.0,0,0,0
0022500272,1610612749,Milwaukee,Bucks,MIL,bucks,203914,Gary,Harris,G. Harris,gary-harris,,,11,1631093,Jaden,Ivey,J. Ivey,jaden-ivey,23,0:15,15.1,1.1,0.038,0.049,0.119,0,0,2,0,0,0,0,0,0,0.0,0,0,0.0,0,0,0,0.0,0,0,0
0022500272,1610612749,Milwaukee,Bucks,MIL,bucks,203914,Gary,Harris,G. Harris,gary-harris,,,11,1642450,Daniss,Jenkins,D. Jenkins,daniss-jenkins,24,0:29,29.0,2.5,0.088,0.094,0.485,0,3,3,0,0,0,0,1,1,1.0,0,0,0.0,0,0,0,0.0,1,1,1
0022500272,1610612749,Milwaukee,Bucks,MIL,bucks,203914,Gary,Harris,G. Harris,gary-harris,,,11,1627747,Caris,LeVert,C. LeVert,caris-levert,8,0:15,14.8,1.1,0.042,0.048,0.248,0,0,0,0,0,0,0,0,0,0.0,0,0,0.0,0,0,0,0.0,0,0,0
0022500272,1610612749,Milwaukee,Bucks,MIL,bucks,203914,Gary,Harris,G. Harris,gary-harris,,,11,1629130,Duncan,Robinson,D. Robinson,duncan-robinson,55,1:30,90.2,4.4,0.124,0.291,0.472,0,0,4,0,0,0,0,0,0,0.0,0,0,0.0,0,0,0,0.0,0,0,0
0022500272,1610612749,Milwaukee,Bucks,MIL,bucks,203914,Gary,Harris,G. Harris,gary-harris,,,11,1641709,Ausar,Thompson,A. Thompson,ausar-thompson,9,0:07,7.0,0.8,0.01,0.023,0.046,0,0,0,0,0,0,0,0,0,0.0,0,0,0.0,0,0,0,0.0,0,0,0
0022500272,1610612749,Milwaukee,Bucks,MIL,bucks,1629599,Amir,Coffey,A. Coffey,amir-coffey,,,17,1641842,Ronald,Holland II,R. Holland II,ronald-holland-ii,5,0:10,10.3,1.5,0.024,0.245,0.245,0,3,3,0,0,0,0,1,1,1.0,1,1,1.0,0,0,0,0.0,0,0,0
0022500272,1610612749,Milwaukee,Bucks,MIL,bucks,1629599,Amir,Coffey,A. Coffey,amir-coffey,,,17,1642450,Daniss,Jenkins,D. Jenkins,daniss-jenkins,24,0:09,9.1,0.7,0.028,0.217,0.217,0,0,3,1,0,0,0,0,0,0.0,0,0,0.0,0,0,0,0.0,0,0,0
0022500272,1610612749,Milwaukee,Bucks,MIL,bucks,1629599,Amir,Coffey,A. Coffey,amir-coffey,,,17,1642404,Chaz,Lanier,C. Lanier,chaz-lanier,20,0:20,19.8,1.3,0.47,0.47,0.47,0,0,2,0,0,0,0,0,0,0.0,0,0,0.0,0,0,0,0.0,0,0,0
0022500272,1610612749,Milwaukee,Bucks,MIL,bucks,1629599,Amir,Coffey,A. Coffey,amir-coffey,,,17,1641709,Ausar,Thompson,A. Thompson,ausar-thompson,9,0:03,2.9,0.5,0.004,0.069,0.069,0,0,0,0,0,0,0,0,0,0.0,0,0,0.0,0,0,0,0.0,0,0,0
0022500272,1610612749,Milwaukee,Bucks,MIL,bucks,203648,Thanasis,Antetokounmpo,T. Antetokounmpo,thanasis-antetokounmpo,,,43,1631105,Jalen,Duren,J. Duren,jalen-duren,0,0:05,4.8,0.3,0.007,0.113,0.292,0,2,2,0,0,0,0,0,0,0.0,0,0,0.0,0,0,0,0.0,2,2,1
0022500272,1610612749,Milwaukee,Bucks,MIL,bucks,203648,Thanasis,Antetokounmpo,T. Antetokounmpo,thanasis-antetokounmpo,,,43,1641842,Ronald,Holland II,R. Holland II,ronald-holland-ii,5,0:25,24.7,1.7,0.058,0.587,0.587,0,0,3,0,0,0,0,0,0,0.0,0,0,0.0,0,0,0,0.0,0,0,0
0022500272,1610612749,Milwaukee,Bucks,MIL,bucks,203648,Thanasis,Antetokounmpo,T. Antetokounmpo,thanasis-antetokounmpo,,,43,1642450,Daniss,Jenkins,D. Jenkins,daniss-jenkins,24,0:08,7.9,1.0,0.024,0.187,0.187,0,0,0,0,0,0,0,0,0,0.0,0,0,0.0,0,0,0,0.0,0,0,0
0022500272,1610612749,Milwaukee,Bucks,MIL,bucks,203648,Thanasis,Antetokounmpo,T. Antetokounmpo,thanasis-antetokounmpo,,,43,1630194,Paul,Reed,P. Reed,paul-reed,7,0:05,5.3,0.8,0.062,0.126,0.205,0,0,0,0,0,0,0,0,0,0.0,0,0,0.0,0,0,0,0.0,0,0,0
0022500272,1610612749,Milwaukee,Bucks,MIL,bucks,203648,Thanasis,Antetokounmpo,T. Antetokounmpo,thanasis-antetokounmpo,,,43,1641709,Ausar,Thompson,A. Thompson,ausar-thompson,9,0:02,2.4,0.5,0.004,0.057,0.057,0,0,0,0,0,0,0,0,0,0.0,0,0,0.0,0,0,0,0.0,0,0,0
0022500272,1610612749,Milwaukee,Bucks,MIL,bucks,1631250,Pete,Nance,P. Nance,pete-nance,,,35,1631105,Jalen,Duren,J. Duren,jalen-duren,0,0:12,11.5,0.7,0.017,0.274,0.708,0,0,0,0,0,0,0,0,0,0.0,0,0,0.0,0,0,0,0.0,0,0,0
0022500272,1610612749,Milwaukee,Bucks,MIL,bucks,1631250,Pete,Nance,P. Nance,pete-nance,,,35,1641842,Ronald,Holland II,R. Holland II,ronald-holland-ii,5,0:01,1.4,0.3,0.003,0.034,0.034,0,0,0,0,0,0,0,0,0,0.0,0,0,0.0,0,0,0,0.0,0,0,0
0022500272,1610612749,Milwaukee,Bucks,MIL,bucks,1631250,Pete,Nance,P. Nance,pete-nance,,,35,1642404,Chaz,Lanier,C. Lanier,chaz-lanier,20,0:03,2.6,0.5,0.061,0.061,0.061,0,0,3,0,0,0,0,0,0,0.0,0,0,0.0,0,0,0,0.0,0,0,0
0022500272,1610612749,Milwaukee,Bucks,MIL,bucks,1631250,Pete,Nance,P. Nance,pete-nance,,,35,1630194,Paul,Reed,P. Reed,paul-reed,7,0:19,19.0,1.9,0.224,0.453,0.739,0,3,3,0,0,0,0,1,1,1.0,1,1,1.0,0,0,0,0.0,0,0,0
0022500272,1610612749,Milwaukee,Bucks,MIL,bucks,1631250,Pete,Nance,P. Nance,pete-nance,,,35,1641709,Ausar,Thompson,A. Thompson,ausar-thompson,9,0:06,6.0,0.4,0.009,0.144,0.144,0,0,0,0,0,0,0,0,0,0.0,0,0,0.0,0,0,0,0.0,0,0,0
0022500272,1610612749,Milwaukee,Bucks,MIL,bucks,1641813,Mark,Sears,M. Sears,mark-sears,,,19,1641842,Ronald,Holland II,R. Holland II,ronald-holland-ii,5,0:01,1.4,0.2,0.003,0.056,0.056,0,0,0,0,0,0,0,0,0,0.0,0,0,0.0,0,0,0,0.0,0,0,0
0022500272,1610612749,Milwaukee,Bucks,MIL,bucks,1641813,Mark,Sears,M. Sears,mark-sears,,,19,1642450,Daniss,Jenkins,D. Jenkins,daniss-jenkins,24,0:09,8.8,1.3,0.026,0.34,0.34,0,0,3,1,0,0,0,0,0,0.0,0,0,0.0,0,0,0,0.0,0,0,0
0022500272,1610612749,Milwaukee,Bucks,MIL,bucks,1641813,Mark,Sears,M. Sears,mark-sears,,,19,1642404,Chaz,Lanier,C. Lanier,chaz-lanier,20,0:03,3.1,0.2,0.073,0.12,0.12,0,0,0,0,0,0,0,0,0,0.0,0,0,0.0,0,0,0,0.0,0,0,0
0022500272,1610612749,Milwaukee,Bucks,MIL,bucks,1641813,Mark,Sears,M. Sears,mark-sears,,,19,1630194,Paul,Reed,P. Reed,paul-reed,7,0:01,1.4,0.3,0.017,0.056,0.056,0,0,3,0,0,0,0,0,0,0.0,0,0,0.0,0,0,0,0.0,0,0,0
0022500272,1610612749,Milwaukee,Bucks,MIL,bucks,1641813,Mark,Sears,M. Sears,mark-sears,,,19,1641709,Ausar,Thompson,A. Thompson,ausar-thompson,9,0:12,12.5,1.3,0.018,0.484,0.484,0,0,3,0,0,0,0,0,1,0.0,0,1,0.0,0,0,0,0.0,0,0,0
0022500272,1610612765,Detroit,Pistons,DET,pistons,1641709,Ausar,Thompson,A. Thompson,ausar-thompson,F,,9,203648,Thanasis,Antetokounmpo,T. Antetokounmpo,thanasis-antetokounmpo,43,0:05,5.4,0.4,0.083,0.009,0.083,0,0,0,0,0,0,1,0,1,0.0,0,0,0.0,0,0,0,0.0,0,0,0
0022500272,1610612765,Detroit,Pistons,DET,pistons,1641709,Ausar,Thompson,A. Thompson,ausar-thompson,F,,9,1630175,Cole,Anthony,C. Anthony,cole-anthony,50,0:58,58.1,4.5,0.187,0.101,0.526,0,0,5,0,0,0,0,0,0,0.0,0,0,0.0,0,0,0,0.0,0,0,0
0022500272,1610612765,Detroit,Pistons,DET,pistons,1641709,Ausar,Thompson,A. Thompson,ausar-thompson,F,,9,1631260,AJ,Green,A. Green,aj-green,20,1:16,75.8,6.7,0.132,0.132,0.183,0,0,8,0,0,0,0,0,1,0.0,0,0,0.0,0,0,0,0.0,0,0,0
0022500272,1610612765,Detroit,Pistons,DET,pistons,1641709,Ausar,Thompson,A. Thompson,ausar-thompson,F,,9,203914,Gary,Harris,G. Harris,gary-harris,11,0:19,19.4,1.8,0.078,0.034,0.207,0,0,2,0,0,0,0,0,0,0.0,0,0,0.0,0,0,0,0.0,0,0,0
0022500272,1610612765,Detroit,Pistons,DET,pistons,1641709,Ausar,Thompson,A. Thompson,ausar-thompson,F,,9,1641748,Andre,Jackson Jr.,A. Jackson Jr.,andre-jackson-jr,44,0:21,20.8,2.6,0.035,0.036,0.081,0,0,0,0,0,0,0,0,0,0.0,0,0,0.0,0,0,0,0.0,0,0,0
0022500272,1610612765,Detroit,Pistons,DET,pistons,1641709,Ausar,Thompson,A. Thompson,ausar-thompson,F,,9,1628398,Kyle,Kuzma,K. Kuzma,kyle-kuzma,18,0:03,3.3,0.2,0.01,0.006,0.012,0,0,0,0,0,0,0,0,0,0.0,0,0,0.0,0,0,0,0.0,0,0,0
0022500272,1610612765,Detroit,Pistons,DET,pistons,1641709,Ausar,Thompson,A. Thompson,ausar-thompson,F,,9,1631250,Pete,Nance,P. Nance,pete-nance,35,0:10,9.6,0.7,0.146,0.017,0.146,0,0,0,0,0,0,0,0,0,0.0,0,0,0.0,0,0,0,0.0,0,0,0
0022500272,1610612765,Detroit,Pistons,DET,pistons,1641709,Ausar,Thompson,A. Thompson,ausar-thompson,F,,9,1626171,Bobby,Portis,B. Portis,bobby-portis,9,0:27,26.8,2.3,0.054,0.047,0.068,0,0,6,0,0,0,0,0,0,0.0,0,0,0.0,0,0,0,0.0,0,0,0
0022500272,1610612765,Detroit,Pistons,DET,pistons,1641709,Ausar,Thompson,A. Thompson,ausar-thompson,F,,9,1631157,Ryan,Rollins,R. Rollins,ryan-rollins,13,4:31,271.4,24.4,0.402,0.473,0.586,0,0,36,0,0,0,0,0,1,0.0,0,0,0.0,0,0,0,0.0,0,0,0
0022500272,1610612765,Detroit,Pistons,DET,pistons,1641709,Ausar,Thompson,A. Thompson,ausar-thompson,F,,9,1641813,Mark,Sears,M. Sears,mark-sears,19,0:20,20.0,1.3,0.424,0.035,0.424,0,0,0,0,0,0,0,0,1,0.0,0,0,0.0,0,0,0,0.0,0,0,0
0022500272,1610612765,Detroit,Pistons,DET,pistons,1641709,Ausar,Thompson,A. Thompson,ausar-thompson,F,,9,1630579,Jericho,Sims,J. Sims,jericho-sims,00,0:08,7.8,1.3,0.016,0.014,0.068,0,0,5,1,0,0,0,0,0,0.0,0,0,0.0,0,0,0,0.0,0,0,0
0022500272,1610612765,Detroit,Pistons,DET,pistons,1641709,Ausar,Thompson,A. Thompson,ausar-thompson,F,,9,1626167,Myles,Turner,M. Turner,myles-turner,3,0:26,25.7,3.3,0.042,0.045,0.062,0,2,4,0,0,0,0,1,2,0.5,0,0,0.0,0,0,0,0.0,0,0,0
0022500272,1610612765,Detroit,Pistons,DET,pistons,202699,Tobias,Harris,T. Harris,tobias-harris,F,,12,1631260,AJ,Green,A. Green,aj-green,20,0:46,45.8,4.6,0.08,0.102,0.141,0,3,11,1,0,0,0,1,1,1.0,1,1,1.0,0,0,0,0.0,0,0,0
0022500272,1610612765,Detroit,Pistons,DET,pistons,202699,Tobias,Harris,T. Harris,tobias-harris,F,,12,203914,Gary,Harris,G. Harris,gary-harris,11,0:27,26.8,2.2,0.107,0.059,0.215,0,1,1,0,0,0,0,0,0,0.0,0,0,0.0,0,0,0,0.0,1,2,1
0022500272,1610612765,Detroit,Pistons,DET,pistons,202699,Tobias,Harris,T. Harris,tobias-harris,F,,12,1641748,Andre,Jackson Jr.,A. Jackson Jr.,andre-jackson-jr,44,1:16,75.7,6.6,0.128,0.168,0.338,0,2,14,0,0,0,0,1,1,1.0,0,0,0.0,0,0,0,0.0,0,0,0
0022500272,1610612765,Detroit,Pistons,DET,pistons,202699,Tobias,Harris,T. Harris,tobias-harris,F,,12,1628398,Kyle,Kuzma,K. Kuzma,kyle-kuzma,18,0:15,14.9,1.3,0.047,0.033,0.066,0,0,0,1,0,0,0,0,0,0.0,0,0,0.0,0,0,0,0.0,0,0,0
0022500272,1610612765,Detroit,Pistons,DET,pistons,202699,Tobias,Harris,T. Harris,tobias-harris,F,,12,1626171,Bobby,Portis,B. Portis,bobby-portis,9,2:23,142.6,12.5,0.285,0.317,0.438,0,7,23,1,0,0,0,3,4,0.75,1,2,0.5,0,0,0,0.0,0,0,0
0022500272,1610612765,Detroit,Pistons,DET,pistons,202699,Tobias,Harris,T. Harris,tobias-harris,F,,12,1631157,Ryan,Rollins,R. Rollins,ryan-rollins,13,0:25,25.2,2.9,0.037,0.056,0.056,0,0,4,0,0,0,0,0,1,0.0,0,1,0.0,0,0,0,0.0,0,0,0
0022500272,1610612765,Detroit,Pistons,DET,pistons,202699,Tobias,Harris,T. Harris,tobias-harris,F,,12,1630579,Jericho,Sims,J. Sims,jericho-sims,00,0:02,2.4,0.2,0.005,0.005,0.019,0,0,0,0,0,0,0,0,0,0.0,0,0,0.0,0,0,0,0.0,0,0,0
0022500272,1610612765,Detroit,Pistons,DET,pistons,202699,Tobias,Harris,T. Harris,tobias-harris,F,,12,1629018,Gary,Trent Jr.,G. Trent Jr.,gary-trent-jr,5,0:22,22.0,2.4,0.06,0.049,0.177,0,0,0,0,0,0,0,0,0,0.0,0,0,0.0,0,0,0,0.0,0,0,0
0022500272,1610612765,Detroit,Pistons,DET,pistons,202699,Tobias,Harris,T. Harris,tobias-harris,F,,12,1626167,Myles,Turner,M. Turner,myles-turner,3,1:01,60.6,5.9,0.1,0.135,0.186,0,2,9,1,0,0,0,1,1,1.0,0,0,0.0,0,0,0,0.0,0,0,0
0022500272,1610612765,Detroit,Pistons,DET,pistons,1631105,Jalen,Duren,J. Duren,jalen-duren,C,,0,1630175,Cole,Anthony,C. Anthony,cole-anthony,50,0:03,2.8,0.3,0.009,0.005,0.04,0,0,0,0,0,0,0,0,0,0.0,0,0,0.0,0,0,0,0.0,0,0,0
0022500272,1610612765,Detroit,Pistons,DET,pistons,1631105,Jalen,Duren,J. Duren,jalen-duren,C,,0,1631260,AJ,Green,A. Green,aj-green,20,0:53,53.1,6.8,0.092,0.097,0.129,0,0,3,0,0,0,0,0,2,0.0,0,0,0.0,0,0,0,0.0,0,0,0
0022500272,1610612765,Detroit,Pistons,DET,pistons,1631105,Jalen,Duren,J. Duren,jalen-duren,C,,0,203914,Gary,Harris,G. Harris,gary-harris,11,0:11,11.2,1.2,0.045,0.021,0.094,0,1,3,1,0,1,0,0,0,0.0,0,0,0.0,0,0,0,0.0,1,2,1
0022500272,1610612765,Detroit,Pistons,DET,pistons,1631105,Jalen,Duren,J. Duren,jalen-duren,C,,0,1641748,Andre,Jackson Jr.,A. Jackson Jr.,andre-jackson-jr,44,0:20,19.6,2.0,0.033,0.036,0.068,0,0,6,1,0,0,0,0,0,0.0,0,0,0.0,0,0,0,0.0,0,0,0
0022500272,1610612765,Detroit,Pistons,DET,pistons,1631105,Jalen,Duren,J. Duren,jalen-duren,C,,0,1628398,Kyle,Kuzma,K. Kuzma,kyle-kuzma,18,0:08,7.9,1.4,0.025,0.014,0.031,0,2,2,0,0,0,0,1,1,1.0,0,0,0.0,0,0,0,0.0,0,2,1
0022500272,1610612765,Detroit,Pistons,DET,pistons,1631105,Jalen,Duren,J. Duren,jalen-duren,C,,0,1631250,Pete,Nance,P. Nance,pete-nance,35,0:16,16.0,1.0,0.244,0.029,1.0,0,0,0,0,0,0,0,0,0,0.0,0,0,0.0,0,0,0,0.0,0,0,0
0022500272,1610612765,Detroit,Pistons,DET,pistons,1631105,Jalen,Duren,J. Duren,jalen-duren,C,,0,1626171,Bobby,Portis,B. Portis,bobby-portis,9,1:27,87.2,10.7,0.175,0.16,0.229,0,2,12,0,0,1,0,1,2,0.5,0,0,0.0,0,0,0,0.0,0,0,0
0022500272,1610612765,Detroit,Pistons,DET,pistons,1631105,Jalen,Duren,J. Duren,jalen-duren,C,,0,1631157,Ryan,Rollins,R. Rollins,ryan-rollins,13,0:29,29.4,3.3,0.043,0.054,0.062,0,2,8,1,0,0,0,1,1,1.0,0,0,0.0,0,0,0,0.0,0,0,0
0022500272,1610612765,Detroit,Pistons,DET,pistons,1631105,Jalen,Duren,J. Duren,jalen-duren,C,,0,1630579,Jericho,Sims,J. Sims,jericho-sims,00,2:05,125.5,9.9,0.264,0.23,0.832,0,0,11,1,0,2,0,0,0,0.0,0,0,0.0,0,0,0,0.0,0,0,0
0022500272,1610612765,Detroit,Pistons,DET,pistons,1631105,Jalen,Duren,J. Duren,jalen-duren,C,,0,1629018,Gary,Trent Jr.,G. Trent Jr.,gary-trent-jr,5,0:01,1.4,0.1,0.004,0.003,0.012,0,0,0,0,0,0,0,0,0,0.0,0,0,0.0,0,0,0,0.0,0,0,0
0022500272,1610612765,Detroit,Pistons,DET,pistons,1631105,Jalen,Duren,J. Duren,jalen-duren,C,,0,1626167,Myles,Turner,M. Turner,myles-turner,3,4:10,250.3,25.0,0.412,0.459,0.613,0,10,43,2,0,1,0,4,6,0.667,0,0,0.0,0,0,0,0.0,2,2,2
0022500272,1610612765,Detroit,Pistons,DET,pistons,1629130,Duncan,Robinson,D. Robinson,duncan-robinson,G,,55,203648,Thanasis,Antetokounmpo,T. Antetokounmpo,thanasis-antetokounmpo,43,0:08,7.7,0.5,0.118,0.014,0.484,0,0,2,0,0,0,0,0,0,0.0,0,0,0.0,0,0,0,0.0,0,0,0
0022500272,1610612765,Detroit,Pistons,DET,pistons,1629130,Duncan,Robinson,D. Robinson,duncan-robinson,G,,55,1630175,Cole,Anthony,C. Anthony,cole-anthony,50,0:17,16.9,1.4,0.054,0.03,0.125,0,0,0,0,0,0,0,0,0,0.0,0,0,0.0,0,0,0,0.0,0,0,0
0022500272,1610612765,Detroit,Pistons,DET,pistons,1629130,Duncan,Robinson,D. Robinson,duncan-robinson,G,,55,1629599,Amir,Coffey,A. Coffey,amir-coffey,17,0:08,8.2,0.5,0.126,0.015,0.516,0,0,0,0,0,0,0,0,0,0.0,0,0,0.0,0,0,0,0.0,0,0,0
0022500272,1610612765,Detroit,Pistons,DET,pistons,1629130,Duncan,Robinson,D. Robinson,duncan-robinson,G,,55,1631260,AJ,Green,A. Green,aj-green,20,2:44,164.3,14.6,0.286,0.294,0.46,0,0,25,1,0,0,0,0,0,0.0,0,0,0.0,0,0,0,0.0,0,0,0
0022500272,1610612765,Detroit,Pistons,DET,pistons,1629130,Duncan,Robinson,D. Robinson,duncan-robinson,G,,55,203914,Gary,Harris,G. Harris,gary-harris,11,0:42,42.4,2.9,0.17,0.076,0.381,0,0,5,0,0,0,0,0,0,0.0,0,0,0.0,0,0,0,0.0,0,0,0
0022500272,1610612765,Detroit,Pistons,DET,pistons,1629130,Duncan,Robinson,D. Robinson,duncan-robinson,G,,55,1641748,Andre,Jackson Jr.,A. Jackson Jr.,andre-jackson-jr,44,0:47,46.7,6.0,0.079,0.083,0.161,0,3,8,0,0,0,0,1,1,1.0,1,1,1.0,0,0,0,0.0,0,0,0
0022500272,1610612765,Detroit,Pistons,DET,pistons,1629130,Duncan,Robinson,D. Robinson,duncan-robinson,G,,55,1628398,Kyle,Kuzma,K. Kuzma,kyle-kuzma,18,0:15,14.5,1.6,0.045,0.026,0.059,0,3,5,0,0,0,0,1,1,1.0,1,1,1.0,0,0,0,0.0,0,0,0
0022500272,1610612765,Detroit,Pistons,DET,pistons,1629130,Duncan,Robinson,D. Robinson,duncan-robinson,G,,55,1626171,Bobby,Portis,B. Portis,bobby-portis,9,1:09,68.8,8.0,0.138,0.123,0.222,0,6,9,0,0,0,0,2,2,1.0,2,2,1.0,0,0,0,0.0,0,0,0
0022500272,1610612765,Detroit,Pistons,DET,pistons,1629130,Duncan,Robinson,D. Robinson,duncan-robinson,G,,55,1631157,Ryan,Rollins,R. Rollins,ryan-rollins,13,0:40,39.8,4.1,0.059,0.071,0.093,0,3,12,1,0,0,0,1,1,1.0,1,1,1.0,0,0,0,0.0,0,0,0
0022500272,1610612765,Detroit,Pistons,DET,pistons,1629130,Duncan,Robinson,D. Robinson,duncan-robinson,G,,55,1630579,Jericho,Sims,J. Sims,jericho-sims,00,0:42,42.1,3.8,0.088,0.075,0.18,0,0,2,0,0,0,0,0,1,0.0,0,1,0.0,0,0,0,0.0,0,0,0
0022500272,1610612765,Detroit,Pistons,DET,pistons,1629130,Duncan,Robinson,D. Robinson,duncan-robinson,G,,55,1629018,Gary,Trent Jr.,G. Trent Jr.,gary-trent-jr,5,1:12,71.6,9.2,0.194,0.128,0.337,0,3,13,0,0,0,0,1,1,1.0,1,1,1.0,0,0,0,0.0,0,0,0
0022500272,1610612765,Detroit,Pistons,DET,pistons,1629130,Duncan,Robinson,D. Robinson,duncan-robinson,G,,55,1626167,Myles,Turner,M. Turner,myles-turner,3,0:24,23.6,2.8,0.039,0.042,0.055,0,0,2,0,0,0,0,0,0,0.0,0,0,0.0,0,0,0,0.0,0,0,0
0022500272,1610612765,Detroit,Pistons,DET,pistons,1630595,Cade,Cunningham,C. Cunningham,cade-cunningham,G,,2,1630175,Cole,Anthony,C. Anthony,cole-anthony,50,0:09,9.4,1.0,0.03,0.014,0.1,0,0,0,0,0,0,0,0,1,0.0,0,0,0.0,0,0,0,0.0,0,0,0
0022500272,1610612765,Detroit,Pistons,DET,pistons,1630595,Cade,Cunningham,C. Cunningham,cade-cunningham,G,,2,1631260,AJ,Green,A. Green,aj-green,20,0:49,48.8,4.8,0.085,0.074,0.096,0,0,6,1,0,0,0,0,2,0.0,0,1,0.0,0,0,0,0.0,0,0,0
0022500272,1610612765,Detroit,Pistons,DET,pistons,1630595,Cade,Cunningham,C. Cunningham,cade-cunningham,G,,2,203914,Gary,Harris,G. Harris,gary-harris,11,0:26,25.8,2.7,0.103,0.039,0.183,0,3,5,1,0,1,0,1,2,0.5,0,1,0.0,0,0,0,0.0,1,1,1
0022500272,1610612765,Detroit,Pistons,DET,pistons,1630595,Cade,Cunningham,C. Cunningham,cade-cunningham,G,,2,1641748,Andre,Jackson Jr.,A. Jackson Jr.,andre-jackson-jr,44,2:36,156.2,15.3,0.264,0.238,0.465,0,7,24,2,0,0,0,3,3,1.0,1,1,1.0,0,0,0,0.0,0,0,0
0022500272,1610612765,Detroit,Pistons,DET,pistons,1630595,Cade,Cunningham,C. Cunningham,cade-cunningham,G,,2,1628398,Kyle,Kuzma,K. Kuzma,kyle-kuzma,18,4:12,252.1,23.8,0.787,0.385,0.787,0,9,36,4,0,0,0,4,4,1.0,1,1,1.0,0,0,0,0.0,0,0,0
0022500272,1610612765,Detroit,Pistons,DET,pistons,1630595,Cade,Cunningham,C. Cunningham,cade-cunningham,G,,2,1626171,Bobby,Portis,B. Portis,bobby-portis,9,0:25,25.0,2.3,0.05,0.038,0.057,0,0,3,0,0,0,0,0,1,0.0,0,1,0.0,0,0,0,0.0,0,0,0
0022500272,1610612765,Detroit,Pistons,DET,pistons,1630595,Cade,Cunningham,C. Cunningham,cade-cunningham,G,,2,1631157,Ryan,Rollins,R. Rollins,ryan-rollins,13,1:14,74.4,9.1,0.11,0.114,0.132,0,3,11,2,0,0,2,1,4,0.25,1,1,1.0,0,0,0,0.0,0,0,0
0022500272,1610612765,Detroit,Pistons,DET,pistons,1630595,Cade,Cunningham,C. Cunningham,cade-cunningham,G,,2,1630579,Jericho,Sims,J. Sims,jericho-sims,00,0:20,19.9,1.8,0.042,0.03,0.094,0,2,3,1,0,0,0,1,1,1.0,0,0,0.0,0,0,0,0.0,0,0,0
0022500272,1610612765,Detroit,Pistons,DET,pistons,1630595,Cade,Cunningham,C. Cunningham,cade-cunningham,G,,2,1629018,Gary,Trent Jr.,G. Trent Jr.,gary-trent-jr,5,0:23,22.7,1.5,0.062,0.035,0.157,0,0,3,0,0,0,0,0,0,0.0,0,0,0.0,0,0,0,0.0,0,0,0
0022500272,1610612765,Detroit,Pistons,DET,pistons,1630595,Cade,Cunningham,C. Cunningham,cade-cunningham,G,,2,1626167,Myles,Turner,M. Turner,myles-turner,3,0:42,42.4,5.8,0.07,0.065,0.083,0,0,6,2,0,2,0,0,2,0.0,0,0,0.0,0,0,0,0.0,0,0,0
0022500272,1610612765,Detroit,Pistons,DET,pistons,1630191,Isaiah,Stewart,I. Stewart,isaiah-stewart,,,28,1630175,Cole,Anthony,C. Anthony,cole-anthony,50,0:37,36.9,5.1,0.119,0.082,0.151,0,0,0,0,0,0,0,0,0,0.0,0,0,0.0,0,0,0,0.0,0,0,0
0022500272,1610612765,Detroit,Pistons,DET,pistons,1630191,Isaiah,Stewart,I. Stewart,isaiah-stewart,,,28,1631260,AJ,Green,A. Green,aj-green,20,0:32,32.2,3.0,0.056,0.071,0.142,0,0,5,0,0,0,0,0,0,0.0,0,0,0.0,0,0,0,0.0,0,0,0
0022500272,1610612765,Detroit,Pistons,DET,pistons,1630191,Isaiah,Stewart,I. Stewart,isaiah-stewart,,,28,203914,Gary,Harris,G. Harris,gary-harris,11,0:09,8.6,0.8,0.035,0.019,0.066,0,0,0,0,0,0,0,0,0,0.0,0,0,0.0,0,0,0,0.0,0,0,0
0022500272,1610612765,Detroit,Pistons,DET,pistons,1630191,Isaiah,Stewart,I. Stewart,isaiah-stewart,,,28,1641748,Andre,Jackson Jr.,A. Jackson Jr.,andre-jackson-jr,44,0:39,39.2,3.4,0.066,0.087,0.11,0,0,5,0,0,0,0,0,0,0.0,0,0,0.0,0,0,0,0.0,0,0,0
0022500272,1610612765,Detroit,Pistons,DET,pistons,1630191,Isaiah,Stewart,I. Stewart,isaiah-stewart,,,28,1628398,Kyle,Kuzma,K. Kuzma,kyle-kuzma,18,0:10,9.9,1.4,0.031,0.022,0.139,0,0,0,0,0,0,0,0,0,0.0,0,0,0.0,0,0,0,0.0,0,0,0
0022500272,1610612765,Detroit,Pistons,DET,pistons,1630191,Isaiah,Stewart,I. Stewart,isaiah-stewart,,,28,1626171,Bobby,Portis,B. Portis,bobby-portis,9,1:21,80.8,9.0,0.162,0.179,0.535,0,0,9,0,0,0,0,0,0,0.0,0,0,0.0,0,0,0,0.0,0,0,0
0022500272,1610612765,Detroit,Pistons,DET,pistons,1630191,Isaiah,Stewart,I. Stewart,isaiah-stewart,,,28,1631157,Ryan,Rollins,R. Rollins,ryan-rollins,13,0:22,21.8,2.2,0.032,0.048,0.105,0,0,7,0,0,0,0,0,1,0.0,0,1,0.0,0,0,0,0.0,0,0,0
0022500272,1610612765,Detroit,Pistons,DET,pistons,1630191,Isaiah,Stewart,I. Stewart,isaiah-stewart,,,28,1630579,Jericho,Sims,J. Sims,jericho-sims,00,2:42,161.7,18.5,0.34,0.358,0.452,0,2,18,0,0,0,0,1,1,1.0,0,0,0.0,0,0,0,0.0,0,0,0
0022500272,1610612765,Detroit,Pistons,DET,pistons,1630191,Isaiah,Stewart,I. Stewart,isaiah-stewart,,,28,1629018,Gary,Trent Jr.,G. Trent Jr.,gary-trent-jr,5,0:22,21.6,3.1,0.059,0.048,0.087,0,0,6,1,0,0,0,0,0,0.0,0,0,0.0,0,0,0,0.0,0,0,0
0022500272,1610612765,Detroit,Pistons,DET,pistons,1630191,Isaiah,Stewart,I. Stewart,isaiah-stewart,,,28,1626167,Myles,Turner,M. Turner,myles-turner,3,1:34,94.4,8.7,0.155,0.209,0.364,0,2,13,0,0,0,0,1,1,1.0,0,0,0.0,0,0,0,0.0,0,0,0
0022500272,1610612765,Detroit,Pistons,DET,pistons,1627747,Caris,LeVert,C. LeVert,caris-levert,,,8,1630175,Cole,Anthony,C. Anthony,cole-anthony,50,0:15,15.5,1.4,0.05,0.061,0.121,0,0,0,0,0,0,0,0,1,0.0,0,1,0.0,0,0,0,0.0,0,0,0
0022500272,1610612765,Detroit,Pistons,DET,pistons,1627747,Caris,LeVert,C. LeVert,caris-levert,,,8,1631260,AJ,Green,A. Green,aj-green,20,0:39,38.7,4.2,0.067,0.152,0.23,0,2,2,0,0,0,0,1,2,0.5,0,0,0.0,0,0,0,0.0,0,0,0
0022500272,1610612765,Detroit,Pistons,DET,pistons,1627747,Caris,LeVert,C. LeVert,caris-levert,,,8,203914,Gary,Harris,G. Harris,gary-harris,11,0:08,7.9,1.0,0.032,0.031,0.123,0,0,1,0,0,0,0,0,0,0.0,0,0,0.0,0,0,0,0.0,0,0,0
0022500272,1610612765,Detroit,Pistons,DET,pistons,1627747,Caris,LeVert,C. LeVert,caris-levert,,,8,1641748,Andre,Jackson Jr.,A. Jackson Jr.,andre-jackson-jr,44,1:08,68.1,6.3,0.115,0.268,0.396,0,3,3,0,0,1,0,1,3,0.333,1,2,0.5,0,0,0,0.0,0,1,1
0022500272,1610612765,Detroit,Pistons,DET,pistons,1627747,Caris,LeVert,C. LeVert,caris-levert,,,8,1628398,Kyle,Kuzma,K. Kuzma,kyle-kuzma,18,0:11,10.6,2.0,0.033,0.041,0.126,0,0,5,0,0,0,0,0,0,0.0,0,0,0.0,0,0,0,0.0,0,0,0
0022500272,1610612765,Detroit,Pistons,DET,pistons,1627747,Caris,LeVert,C. LeVert,caris-levert,,,8,1626171,Bobby,Portis,B. Portis,bobby-portis,9,0:17,17.2,1.7,0.034,0.067,0.123,0,0,0,0,0,0,0,0,0,0.0,0,0,0.0,0,0,0,0.0,0,0,0
0022500272,1610612765,Detroit,Pistons,DET,pistons,1627747,Caris,LeVert,C. LeVert,caris-levert,,,8,1631157,Ryan,Rollins,R. Rollins,ryan-rollins,13,0:45,45.4,6.2,0.067,0.179,0.352,0,0,9,0,0,0,0,0,0,0.0,0,0,0.0,0,0,0,0.0,0,0,0
0022500272,1610612765,Detroit,Pistons,DET,pistons,1627747,Caris,LeVert,C. LeVert,caris-levert,,,8,1630579,Jericho,Sims,J. Sims,jericho-sims,00,0:24,23.8,2.8,0.05,0.094,0.138,0,0,2,0,0,0,0,0,0,0.0,0,0,0.0,0,0,0,0.0,0,0,0
0022500272,1610612765,Detroit,Pistons,DET,pistons,1627747,Caris,LeVert,C. LeVert,caris-levert,,,8,1629018,Gary,Trent Jr.,G. Trent Jr.,gary-trent-jr,5,0:09,8.8,0.5,0.024,0.035,0.102,0,0,0,0,0,0,0,0,0,0.0,0,0,0.0,0,0,0,0.0,0,0,0
0022500272,1610612765,Detroit,Pistons,DET,pistons,1627747,Caris,LeVert,C. LeVert,caris-levert,,,8,1626167,Myles,Turner,M. Turner,myles-turner,3,0:07,7.2,1.0,0.012,0.028,0.056,0,0,0,0,0,0,0,0,0,0.0,0,0,0.0,0,0,0,0.0,0,0,0
0022500272,1610612765,Detroit,Pistons,DET,pistons,1631093,Jaden,Ivey,J. Ivey,jaden-ivey,,,23,1630175,Cole,Anthony,C. Anthony,cole-anthony,50,0:31,30.8,2.8,0.099,0.099,0.245,0,0,3,1,0,0,0,0,0,0.0,0,0,0.0,0,0,0,0.0,0,0,0
0022500272,1610612765,Detroit,Pistons,DET,pistons,1631093,Jaden,Ivey,J. Ivey,jaden-ivey,,,23,1631260,AJ,Green,A. Green,aj-green,20,1:07,66.8,8.8,0.116,0.214,0.362,0,0,12,0,0,1,0,0,1,0.0,0,1,0.0,0,0,0,0.0,0,0,0
0022500272,1610612765,Detroit,Pistons,DET,pistons,1631093,Jaden,Ivey,J. Ivey,jaden-ivey,,,23,203914,Gary,Harris,G. Harris,gary-harris,11,0:12,12.2,1.8,0.049,0.039,0.112,0,2,7,1,0,0,0,1,1,1.0,0,0,0.0,0,0,0,0.0,0,0,0
0022500272,1610612765,Detroit,Pistons,DET,pistons,1631093,Jaden,Ivey,J. Ivey,jaden-ivey,,,23,1641748,Andre,Jackson Jr.,A. Jackson Jr.,andre-jackson-jr,44,0:59,58.9,5.7,0.1,0.189,0.218,0,2,3,0,0,0,0,1,2,0.5,0,1,0.0,0,0,0,0.0,0,0,0
0022500272,1610612765,Detroit,Pistons,DET,pistons,1631093,Jaden,Ivey,J. Ivey,jaden-ivey,,,23,1626171,Bobby,Portis,B. Portis,bobby-portis,9,0:09,8.6,0.8,0.017,0.027,0.055,0,3,6,0,0,0,0,1,1,1.0,1,1,1.0,0,0,0,0.0,0,0,0
0022500272,1610612765,Detroit,Pistons,DET,pistons,1631093,Jaden,Ivey,J. Ivey,jaden-ivey,,,23,1631157,Ryan,Rollins,R. Rollins,ryan-rollins,13,0:45,44.7,4.8,0.066,0.143,0.24,0,2,6,0,0,0,0,1,1,1.0,0,0,0.0,0,0,0,0.0,0,0,0
0022500272,1610612765,Detroit,Pistons,DET,pistons,1631093,Jaden,Ivey,J. Ivey,jaden-ivey,,,23,1630579,Jericho,Sims,J. Sims,jericho-sims,00,0:02,2.4,0.2,0.005,0.008,0.011,0,0,0,0,0,0,0,0,0,0.0,0,0,0.0,0,0,0,0.0,0,0,0
0022500272,1610612765,Detroit,Pistons,DET,pistons,1631093,Jaden,Ivey,J. Ivey,jaden-ivey,,,23,1629018,Gary,Trent Jr.,G. Trent Jr.,gary-trent-jr,5,1:08,67.8,6.2,0.184,0.218,0.534,0,1,3,1,0,0,0,0,0,0.0,0,0,0.0,0,0,0,0.0,1,2,1
0022500272,1610612765,Detroit,Pistons,DET,pistons,1631093,Jaden,Ivey,J. Ivey,jaden-ivey,,,23,1626167,Myles,Turner,M. Turner,myles-turner,3,0:12,11.7,1.6,0.019,0.037,0.08,0,0,0,0,0,0,0,0,0,0.0,0,0,0.0,0,0,0,0.0,0,0,0
0022500272,1610612765,Detroit,Pistons,DET,pistons,1642450,Daniss,Jenkins,D. Jenkins,daniss-jenkins,,,24,203648,Thanasis,Antetokounmpo,T. Antetokounmpo,thanasis-antetokounmpo,43,0:08,8.2,0.5,0.126,0.028,0.126,0,0,0,0,0,0,0,0,0,0.0,0,0,0.0,0,0,0,0.0,0,0,0
0022500272,1610612765,Detroit,Pistons,DET,pistons,1642450,Daniss,Jenkins,D. Jenkins,daniss-jenkins,,,24,1630175,Cole,Anthony,C. Anthony,cole-anthony,50,1:09,69.1,7.9,0.223,0.232,0.351,0,3,9,2,0,0,0,1,1,1.0,1,1,1.0,0,0,0,0.0,0,0,0
0022500272,1610612765,Detroit,Pistons,DET,pistons,1642450,Daniss,Jenkins,D. Jenkins,daniss-jenkins,,,24,1629599,Amir,Coffey,A. Coffey,amir-coffey,17,0:16,16.2,1.0,0.249,0.054,0.249,0,0,2,0,0,0,0,0,0,0.0,0,0,0.0,0,0,0,0.0,0,0,0
0022500272,1610612765,Detroit,Pistons,DET,pistons,1642450,Daniss,Jenkins,D. Jenkins,daniss-jenkins,,,24,1631260,AJ,Green,A. Green,aj-green,20,0:02,2.2,0.4,0.004,0.008,0.044,0,2,2,0,0,0,0,1,1,1.0,0,0,0.0,0,0,0,0.0,0,0,0
0022500272,1610612765,Detroit,Pistons,DET,pistons,1642450,Daniss,Jenkins,D. Jenkins,daniss-jenkins,,,24,203914,Gary,Harris,G. Harris,gary-harris,11,0:11,11.4,1.2,0.046,0.038,0.154,0,0,0,0,0,0,0,0,0,0.0,0,0,0.0,0,0,0,0.0,0,0,0
0022500272,1610612765,Detroit,Pistons,DET,pistons,1642450,Daniss,Jenkins,D. Jenkins,daniss-jenkins,,,24,1641748,Andre,Jackson Jr.,A. Jackson Jr.,andre-jackson-jr,44,0:28,28.5,2.9,0.048,0.096,0.126,0,0,0,0,0,0,0,0,0,0.0,0,0,0.0,0,0,0,0.0,0,0,0
0022500272,1610612765,Detroit,Pistons,DET,pistons,1642450,Daniss,Jenkins,D. Jenkins,daniss-jenkins,,,24,1628398,Kyle,Kuzma,K. Kuzma,kyle-kuzma,18,0:01,1.2,0.3,0.004,0.004,1.0,0,0,3,0,0,0,0,0,0,0.0,0,0,0.0,0,0,0,0.0,0,0,0
0022500272,1610612765,Detroit,Pistons,DET,pistons,1642450,Daniss,Jenkins,D. Jenkins,daniss-jenkins,,,24,1631250,Pete,Nance,P. Nance,pete-nance,35,0:11,11.5,0.8,0.176,0.039,0.176,0,0,0,0,0,0,0,0,0,0.0,0,0,0.0,0,0,0,0.0,0,0,0
0022500272,1610612765,Detroit,Pistons,DET,pistons,1642450,Daniss,Jenkins,D. Jenkins,daniss-jenkins,,,24,1626171,Bobby,Portis,B. Portis,bobby-portis,9,0:02,2.4,0.2,0.005,0.008,0.042,0,0,0,0,0,0,0,0,0,0.0,0,0,0.0,0,0,0,0.0,0,0,0
0022500272,1610612765,Detroit,Pistons,DET,pistons,1642450,Daniss,Jenkins,D. Jenkins,daniss-jenkins,,,24,1631157,Ryan,Rollins,R. Rollins,ryan-rollins,13,1:17,76.6,5.6,0.113,0.257,0.74,0,2,11,1,0,1,0,1,1,1.0,0,0,0.0,0,0,0,0.0,0,0,0
0022500272,1610612765,Detroit,Pistons,DET,pistons,1642450,Daniss,Jenkins,D. Jenkins,daniss-jenkins,,,24,1641813,Mark,Sears,M. Sears,mark-sears,19,0:26,25.7,1.7,0.545,0.086,0.545,0,0,0,0,0,1,0,0,0,0.0,0,0,0.0,0,0,0,0.0,0,0,0
0022500272,1610612765,Detroit,Pistons,DET,pistons,1642450,Daniss,Jenkins,D. Jenkins,daniss-jenkins,,,24,1630579,Jericho,Sims,J. Sims,jericho-sims,00,0:14,13.8,1.5,0.029,0.046,0.059,0,0,0,0,0,0,0,0,0,0.0,0,0,0.0,0,0,0,0.0,0,0,0
0022500272,1610612765,Detroit,Pistons,DET,pistons,1642450,Daniss,Jenkins,D. Jenkins,daniss-jenkins,,,24,1629018,Gary,Trent Jr.,G. Trent Jr.,gary-trent-jr,5,0:21,20.6,3.8,0.056,0.069,0.099,0,0,4,0,0,0,0,0,0,0.0,0,0,0.0,0,0,0,0.0,0,0,0
0022500272,1610612765,Detroit,Pistons,DET,pistons,1642450,Daniss,Jenkins,D. Jenkins,daniss-jenkins,,,24,1626167,Myles,Turner,M. Turner,myles-turner,3,0:10,10.2,1.2,0.017,0.034,0.105,0,0,5,0,0,1,0,0,0,0.0,0,0,0.0,0,0,0,0.0,0,0,0
0022500272,1610612765,Detroit,Pistons,DET,pistons,1641842,Ronald,Holland II,R. Holland II,ronald-holland-ii,,,5,203648,Thanasis,Antetokounmpo,T. Antetokounmpo,thanasis-antetokounmpo,43,0:17,16.5,1.0,0.253,0.044,0.253,0,0,0,0,0,0,0,0,0,0.0,0,0,0.0,0,0,0,0.0,0,0,0
0022500272,1610612765,Detroit,Pistons,DET,pistons,1641842,Ronald,Holland II,R. Holland II,ronald-holland-ii,,,5,1630175,Cole,Anthony,C. Anthony,cole-anthony,50,0:22,22.3,3.9,0.072,0.06,0.104,0,0,5,0,0,1,0,0,1,0.0,0,1,0.0,0,0,0,0.0,0,0,0
0022500272,1610612765,Detroit,Pistons,DET,pistons,1641842,Ronald,Holland II,R. Holland II,ronald-holland-ii,,,5,1629599,Amir,Coffey,A. Coffey,amir-coffey,17,0:31,30.6,2.0,0.469,0.082,0.469,0,0,0,0,0,0,0,0,0,0.0,0,0,0.0,0,0,0,0.0,0,0,0
0022500272,1610612765,Detroit,Pistons,DET,pistons,1641842,Ronald,Holland II,R. Holland II,ronald-holland-ii,,,5,1631260,AJ,Green,A. Green,aj-green,20,0:36,36.0,3.0,0.063,0.096,0.577,0,0,7,0,0,0,0,0,2,0.0,0,1,0.0,0,0,0,0.0,0,0,0
0022500272,1610612765,Detroit,Pistons,DET,pistons,1641842,Ronald,Holland II,R. Holland II,ronald-holland-ii,,,5,203914,Gary,Harris,G. Harris,gary-harris,11,0:16,16.4,2.1,0.066,0.044,0.105,0,0,0,0,0,0,0,0,0,0.0,0,0,0.0,0,0,0,0.0,0,0,0
0022500272,1610612765,Detroit,Pistons,DET,pistons,1641842,Ronald,Holland II,R. Holland II,ronald-holland-ii,,,5,1641748,Andre,Jackson Jr.,A. Jackson Jr.,andre-jackson-jr,44,0:46,45.8,4.9,0.077,0.123,0.152,0,0,4,0,0,0,0,0,0,0.0,0,0,0.0,0,0,0,0.0,0,0,0
0022500272,1610612765,Detroit,Pistons,DET,pistons,1641842,Ronald,Holland II,R. Holland II,ronald-holland-ii,,,5,1626171,Bobby,Portis,B. Portis,bobby-portis,9,0:10,10.2,1.6,0.02,0.027,0.185,0,0,0,0,0,0,0,0,0,0.0,0,0,0.0,0,0,0,0.0,0,0,0
0022500272,1610612765,Detroit,Pistons,DET,pistons,1641842,Ronald,Holland II,R. Holland II,ronald-holland-ii,,,5,1631157,Ryan,Rollins,R. Rollins,ryan-rollins,13,0:40,40.0,3.7,0.059,0.107,0.25,0,2,2,0,0,0,0,1,2,0.5,0,1,0.0,0,0,0,0.0,0,0,0
0022500272,1610612765,Detroit,Pistons,DET,pistons,1641842,Ronald,Holland II,R. Holland II,ronald-holland-ii,,,5,1630579,Jericho,Sims,J. Sims,jericho-sims,00,0:18,18.4,3.0,0.039,0.049,0.06,0,4,4,0,0,0,0,2,2,1.0,0,0,0.0,0,0,0,0.0,0,0,0
0022500272,1610612765,Detroit,Pistons,DET,pistons,1641842,Ronald,Holland II,R. Holland II,ronald-holland-ii,,,5,1629018,Gary,Trent Jr.,G. Trent Jr.,gary-trent-jr,5,1:43,103.2,8.5,0.28,0.276,0.38,0,0,11,1,0,0,0,0,0,0.0,0,0,0.0,0,0,0,0.0,0,0,0
0022500272,1610612765,Detroit,Pistons,DET,pistons,1629750,Javonte,Green,J. Green,javonte-green,,,31,1630175,Cole,Anthony,C. Anthony,cole-anthony,50,0:19,19.0,1.5,0.061,0.067,0.144,0,0,5,0,0,0,0,0,0,0.0,0,0,0.0,0,0,0,0.0,0,0,0
0022500272,1610612765,Detroit,Pistons,DET,pistons,1629750,Javonte,Green,J. Green,javonte-green,,,31,1631260,AJ,Green,A. Green,aj-green,20,0:03,3.0,0.6,0.005,0.01,0.029,0,0,0,0,0,0,0,0,0,0.0,0,0,0.0,0,0,0,0.0,0,0,0
0022500272,1610612765,Detroit,Pistons,DET,pistons,1629750,Javonte,Green,J. Green,javonte-green,,,31,203914,Gary,Harris,G. Harris,gary-harris,11,1:08,67.6,5.2,0.271,0.238,0.54,0,0,2,0,0,0,0,0,0,0.0,0,0,0.0,0,0,0,0.0,0,0,0
0022500272,1610612765,Detroit,Pistons,DET,pistons,1629750,Javonte,Green,J. Green,javonte-green,,,31,1641748,Andre,Jackson Jr.,A. Jackson Jr.,andre-jackson-jr,44,0:32,32.3,4.4,0.055,0.114,0.137,0,2,6,0,0,0,0,1,1,1.0,0,0,0.0,0,0,0,0.0,0,0,0
0022500272,1610612765,Detroit,Pistons,DET,pistons,1629750,Javonte,Green,J. Green,javonte-green,,,31,1626171,Bobby,Portis,B. Portis,bobby-portis,9,0:17,17.0,0.7,0.034,0.06,0.747,0,0,0,0,0,0,0,0,0,0.0,0,0,0.0,0,0,0,0.0,0,0,0
0022500272,1610612765,Detroit,Pistons,DET,pistons,1629750,Javonte,Green,J. Green,javonte-green,,,31,1631157,Ryan,Rollins,R. Rollins,ryan-rollins,13,0:05,4.8,0.3,0.007,0.017,0.031,0,0,0,0,0,0,0,0,0,0.0,0,0,0.0,0,0,0,0.0,0,0,0
0022500272,1610612765,Detroit,Pistons,DET,pistons,1629750,Javonte,Green,J. Green,javonte-green,,,31,1630579,Jericho,Sims,J. Sims,jericho-sims,00,0:58,58.4,5.1,0.123,0.206,0.224,0,0,8,0,0,0,0,0,0,0.0,0,0,0.0,0,0,0,0.0,0,0,0
0022500272,1610612765,Detroit,Pistons,DET,pistons,1629750,Javonte,Green,J. Green,javonte-green,,,31,1629018,Gary,Trent Jr.,G. Trent Jr.,gary-trent-jr,5,0:29,29.0,2.8,0.079,0.102,0.139,0,2,2,0,0,0,0,1,1,1.0,0,0,0.0,0,0,0,0.0,0,0,0
0022500272,1610612765,Detroit,Pistons,DET,pistons,1629750,Javonte,Green,J. Green,javonte-green,,,31,1626167,Myles,Turner,M. Turner,myles-turner,3,0:41,40.7,5.4,0.067,0.143,0.256,0,3,7,0,0,0,0,1,1,1.0,1,1,1.0,0,0,0,0.0,0,0,0
0022500272,1610612765,Detroit,Pistons,DET,pistons,1630194,Paul,Reed,P. Reed,paul-reed,,,7,203648,Thanasis,Antetokounmpo,T. Antetokounmpo,thanasis-antetokounmpo,43,0:27,27.4,2.6,0.419,0.243,0.555,0,2,2,0,0,0,0,0,0,0.0,0,0,0.0,0,0,0,0.0,2,2,0
0022500272,1610612765,Detroit,Pistons,DET,pistons,1630194,Paul,Reed,P. Reed,paul-reed,,,7,1630175,Cole,Anthony,C. Anthony,cole-anthony,50,0:03,2.6,0.2,0.009,0.023,0.053,0,0,0,0,0,0,0,0,0,0.0,0,0,0.0,0,0,0,0.0,0,0,0
0022500272,1610612765,Detroit,Pistons,DET,pistons,1630194,Paul,Reed,P. Reed,paul-reed,,,7,1629599,Amir,Coffey,A. Coffey,amir-coffey,17,0:08,8.0,0.5,0.122,0.071,0.162,0,0,0,0,0,0,0,0,1,0.0,0,0,0.0,0,0,0,0.0,0,0,0
0022500272,1610612765,Detroit,Pistons,DET,pistons,1630194,Paul,Reed,P. Reed,paul-reed,,,7,1631260,AJ,Green,A. Green,aj-green,20,0:08,8.5,0.5,0.015,0.075,0.134,0,0,0,0,0,0,0,0,0,0.0,0,0,0.0,0,0,0,0.0,0,0,0
0022500272,1610612765,Detroit,Pistons,DET,pistons,1630194,Paul,Reed,P. Reed,paul-reed,,,7,1628398,Kyle,Kuzma,K. Kuzma,kyle-kuzma,18,0:06,5.9,0.3,0.018,0.052,0.093,0,0,0,0,0,0,0,0,0,0.0,0,0,0.0,0,0,0,0.0,0,0,0
0022500272,1610612765,Detroit,Pistons,DET,pistons,1630194,Paul,Reed,P. Reed,paul-reed,,,7,1631250,Pete,Nance,P. Nance,pete-nance,35,0:11,10.7,1.5,0.164,0.095,0.217,0,0,0,0,0,0,0,0,0,0.0,0,0,0.0,0,0,0,0.0,0,0,0
0022500272,1610612765,Detroit,Pistons,DET,pistons,1630194,Paul,Reed,P. Reed,paul-reed,,,7,1626171,Bobby,Portis,B. Portis,bobby-portis,9,0:13,13.0,1.1,0.026,0.116,0.205,0,0,4,0,0,0,0,0,0,0.0,0,0,0.0,0,0,0,0.0,0,0,0
0022500272,1610612765,Detroit,Pistons,DET,pistons,1630194,Paul,Reed,P. Reed,paul-reed,,,7,1631157,Ryan,Rollins,R. Rollins,ryan-rollins,13,0:02,2.2,0.4,0.003,0.02,0.035,0,0,0,0,0,0,0,0,0,0.0,0,0,0.0,0,0,0,0.0,0,0,0
0022500272,1610612765,Detroit,Pistons,DET,pistons,1630194,Paul,Reed,P. Reed,paul-reed,,,7,1641813,Mark,Sears,M. Sears,mark-sears,19,0:01,1.4,0.1,0.031,0.013,0.031,0,0,0,0,0,0,0,0,0,0.0,0,0,0.0,0,0,0,0.0,0,0,0
0022500272,1610612765,Detroit,Pistons,DET,pistons,1630194,Paul,Reed,P. Reed,paul-reed,,,7,1626167,Myles,Turner,M. Turner,myles-turner,3,0:41,41.1,2.3,0.068,0.364,0.647,0,0,0,0,0,0,0,0,0,0.0,0,0,0.0,0,0,0,0.0,0,0,0
0022500272,1610612765,Detroit,Pistons,DET,pistons,1642404,Chaz,Lanier,C. Lanier,chaz-lanier,,,20,1630175,Cole,Anthony,C. Anthony,cole-anthony,50,0:27,26.9,1.8,0.087,0.545,0.545,0,0,0,0,0,0,0,0,0,0.0,0,0,0.0,0,0,0,0.0,0,0,0
0022500272,1610612765,Detroit,Pistons,DET,pistons,1642404,Chaz,Lanier,C. Lanier,chaz-lanier,,,20,1629599,Amir,Coffey,A. Coffey,amir-coffey,17,0:02,2.2,1.0,0.034,0.045,0.045,0,0,2,0,0,0,0,0,0,0.0,0,0,0.0,0,0,0,0.0,0,0,0
0022500272,1610612765,Detroit,Pistons,DET,pistons,1642404,Chaz,Lanier,C. Lanier,chaz-lanier,,,20,1631250,Pete,Nance,P. Nance,pete-nance,35,0:18,17.6,1.0,0.269,0.357,0.357,0,0,0,0,0,0,0,0,0,0.0,0,0,0.0,0,0,0,0.0,0,0,0
