gameId,actionNumber,clock,period,teamId,teamTricode,personId,playerName,playerNameI,xLegacy,yLegacy,shotDistance,shotResult,isFieldGoal,scoreHome,scoreAway,pointsTotal,location,description,actionType,subType,videoAvailable,shotValue,actionId
0022100421,2,PT12M00.00S,1,0,,0,,,0,0,0,,0,0,0,0,,Start of 1st Period (8:11 PM EST),period,start,0,0,1
0022100421,4,PT12M00.00S,1,1610612749,MIL,1626171,Portis,B. Portis,0,0,0,,0,,,0,h,Jump Ball Portis vs. Turner: Tip to Connaughton,Jump Ball,,1,0,2
0022100421,7,PT11M43.00S,1,1610612749,MIL,201950,Holiday,J. Holiday,-183,166,25,Made,1,3,0,3,h,Holiday 25' 3PT Step Back Jump Shot (3 PTS),Made Shot,Step Back Jump shot,1,3,3
0022100421,8,PT11M27.00S,1,1610612754,IND,1627763,Brogdon,M. Brogdon,-201,163,26,Missed,1,,,0,v,MISS Brogdon 26' 3PT Jump Shot,Missed Shot,Jump Shot,1,3,4
0022100421,9,PT11M24.00S,1,0,,1610612749,,,0,0,0,,0,,,0,h,BUCKS Rebound,Rebound,Unknown,0,0,5
0022100421,11,PT11M10.00S,1,1610612749,MIL,1626171,Portis,B. Portis,22,90,9,Missed,1,,,0,h,MISS Portis 9' Turnaround Jump Shot,Missed Shot,Turnaround Jump Shot,1,2,6
0022100421,12,PT11M07.00S,1,1610612754,IND,1627734,Sabonis,D. Sabonis,0,0,0,,0,,,0,v,Sabonis REBOUND (Off:0 Def:1),Rebound,Unknown,1,0,7
0022100421,13,PT10M58.00S,1,1610612754,IND,1626167,Turner,M. Turner,56,39,7,Missed,1,,,0,v,MISS Turner 7' Turnaround Jump Shot,Missed Shot,Turnaround Jump Shot,1,2,8
0022100421,14,PT10M54.00S,1,1610612749,MIL,1629670,Nwora,J. Nwora,0,0,0,,0,,,0,h,Nwora REBOUND (Off:0 Def:1),Rebound,Unknown,1,0,9
0022100421,15,PT10M41.00S,1,1610612749,MIL,201950,Holiday,J. Holiday,61,96,11,Made,1,5,0,5,h,Holiday 11' Driving Floating Jump Shot (5 PTS),Made Shot,Driving Floating Jump Shot,1,2,10
0022100421,16,PT10M25.00S,1,1610612754,IND,1626167,Turner,M. Turner,196,154,25,Missed,1,,,0,v,MISS Turner 25' 3PT Jump Shot,Missed Shot,Jump Shot,1,3,11
0022100421,17,PT10M21.00S,1,1610612749,MIL,1629670,Nwora,J. Nwora,0,0,0,,0,,,0,h,Nwora REBOUND (Off:0 Def:2),Rebound,Unknown,1,0,12
0022100421,18,PT10M13.00S,1,1610612749,MIL,1629670,Nwora,J. Nwora,98,236,26,Missed,1,,,0,h,MISS Nwora 26' 3PT Pullup Jump Shot,Missed Shot,Pullup Jump shot,1,3,13
0022100421,19,PT10M09.00S,1,1610612754,IND,1627734,Sabonis,D. Sabonis,0,0,0,,0,,,0,v,Sabonis REBOUND (Off:0 Def:2),Rebound,Unknown,1,0,14
0022100421,20,PT09M56.00S,1,1610612754,IND,1626167,Turner,M. Turner,11,-3,1,Made,1,5,2,7,v,Turner 1' Layup (2 PTS) (LeVert 1 AST),Made Shot,Layup Shot,1,2,15
0022100421,22,PT09M47.00S,1,1610612749,MIL,1626171,Portis,B. Portis,76,237,25,Made,1,8,2,10,h,Portis 25' 3PT Jump Shot (3 PTS) (Holiday 1 AST),Made Shot,Jump Shot,1,3,16
0022100421,24,PT09M44.00S,1,0,,1610612754,,,0,0,0,,0,,,0,v,Pacers Timeout: Regular (Reg.1 Short 0),Timeout,Regular,0,0,17
0022100421,25,PT09M32.00S,1,1610612754,IND,1626167,Turner,M. Turner,-23,23,3,Made,1,8,4,12,v,Turner 3' Cutting Layup Shot (4 PTS) (Brogdon 1 AST),Made Shot,Cutting Layup Shot,1,2,18
0022100421,27,PT09M19.00S,1,1610612749,MIL,1626192,Connaughton,P. Connaughton,-228,50,0,Made,1,11,4,15,h,Connaughton 3PT Jump Shot (3 PTS) (Portis 1 AST),Made Shot,Jump Shot,1,3,19
0022100421,29,PT09M04.00S,1,1610612754,IND,1627747,LeVert,C. LeVert,-16,12,2,Made,1,11,6,17,v,LeVert 2' Driving Layup (2 PTS) (Brogdon 2 AST),Made Shot,Driving Layup Shot,1,2,20
0022100421,31,PT08M46.00S,1,1610612749,MIL,1628960,Allen,G. Allen,97,99,14,Missed,1,,,0,h,MISS Allen 14' Pullup Jump Shot,Missed Shot,Pullup Jump shot,1,2,21
0022100421,32,PT08M42.00S,1,1610612754,IND,1626167,Turner,M. Turner,0,0,0,,0,,,0,v,Turner REBOUND (Off:0 Def:1),Rebound,Unknown,1,0,22
0022100421,33,PT08M26.00S,1,1610612754,IND,1627734,Sabonis,D. Sabonis,0,0,0,,0,,,0,v,Sabonis Lost Ball Turnover (P1.T1),Turnover,Lost Ball,1,0,23
0022100421,33,PT08M26.00S,1,1610612749,MIL,1629670,Nwora,J. Nwora,0,0,0,,0,,,0,h,Nwora STEAL (1 STL),,,1,0,24
0022100421,35,PT08M10.00S,1,1610612749,MIL,1628960,Allen,G. Allen,-87,56,10,Made,1,13,6,19,h,Allen 10' Driving Floating Jump Shot (2 PTS) (Holiday 2 AST),Made Shot,Driving Floating Jump Shot,1,2,25
0022100421,37,PT07M58.00S,1,1610612754,IND,1627734,Sabonis,D. Sabonis,-9,272,27,Missed,1,,,0,v,MISS Sabonis 27' 3PT Jump Shot,Missed Shot,Jump Shot,1,3,26
0022100421,38,PT07M55.00S,1,1610612749,MIL,1629670,Nwora,J. Nwora,0,0,0,,0,,,0,h,Nwora REBOUND (Off:0 Def:3),Rebound,Unknown,1,0,27
0022100421,39,PT07M50.00S,1,1610612749,MIL,1629670,Nwora,J. Nwora,203,74,22,Made,1,15,6,21,h,Nwora 22' Step Back Jump Shot (2 PTS),Made Shot,Step Back Jump shot,1,2,28
0022100421,40,PT07M40.00S,1,1610612749,MIL,1628960,Allen,G. Allen,0,0,0,,0,,,0,h,Allen P.FOUL (P1.T1) (D.Collins),Foul,Personal,1,0,29
0022100421,42,PT07M25.00S,1,1610612754,IND,1630537,Duarte,C. Duarte,163,202,26,Missed,1,,,0,v,MISS Duarte 26' 3PT Jump Shot,Missed Shot,Jump Shot,1,3,30
0022100421,43,PT07M21.00S,1,1610612754,IND,1627734,Sabonis,D. Sabonis,0,0,0,,0,,,0,v,Sabonis REBOUND (Off:1 Def:2),Rebound,Unknown,1,0,31
0022100421,44,PT07M13.00S,1,1610612754,IND,1627747,LeVert,C. LeVert,-15,8,2,Made,1,15,8,23,v,LeVert 2' Cutting Layup Shot (4 PTS) (Sabonis 1 AST),Made Shot,Cutting Layup Shot,1,2,32
0022100421,46,PT06M59.00S,1,1610612749,MIL,201950,Holiday,J. Holiday,-37,48,6,Missed,1,,,0,h,MISS Holiday 6' Fadeaway Jumper,Missed Shot,Fadeaway Jump Shot,1,2,33
0022100421,47,PT06M56.00S,1,1610612754,IND,1627734,Sabonis,D. Sabonis,0,0,0,,0,,,0,v,Sabonis REBOUND (Off:1 Def:3),Rebound,Unknown,1,0,34
0022100421,48,PT06M54.00S,1,1610612749,MIL,1626192,Connaughton,P. Connaughton,0,0,0,,0,,,0,h,Connaughton S.FOUL (P1.T2) (B.Schwab),Foul,Shooting,1,0,35
0022100421,50,PT06M54.00S,1,1610612754,IND,1627747,LeVert,C. LeVert,0,0,0,,0,15,9,24,v,LeVert Free Throw 1 of 2 (5 PTS),Free Throw,Free Throw 1 of 2,1,0,36
0022100421,51,PT06M54.00S,1,1610612749,MIL,1626171,Portis,B. Portis,0,0,0,,0,,,0,h,SUB: Mamukelashvili FOR Portis,Substitution,,0,0,37
0022100421,53,PT06M54.00S,1,1610612754,IND,1627747,LeVert,C. LeVert,0,0,0,,0,15,10,25,v,LeVert Free Throw 2 of 2 (6 PTS),Free Throw,Free Throw 2 of 2,1,0,38
0022100421,54,PT06M42.00S,1,1610612749,MIL,1629670,Nwora,J. Nwora,-92,222,24,Made,1,18,10,28,h,Nwora 24' 3PT Jump Shot (5 PTS) (Mamukelashvili 1 AST),Made Shot,Jump Shot,1,3,39
0022100421,56,PT06M30.00S,1,1610612754,IND,1627747,LeVert,C. LeVert,-12,253,25,Made,1,18,13,31,v,LeVert 25' 3PT Jump Shot (9 PTS) (Brogdon 3 AST),Made Shot,Jump Shot,1,3,40
0022100421,58,PT06M13.00S,1,1610612749,MIL,1629670,Nwora,J. Nwora,-173,184,25,Missed,1,,,0,h,MISS Nwora 25' 3PT Step Back Jump Shot,Missed Shot,Step Back Jump shot,1,3,41
0022100421,59,PT06M10.00S,1,1610612754,IND,1627763,Brogdon,M. Brogdon,0,0,0,,0,,,0,v,Brogdon REBOUND (Off:0 Def:1),Rebound,Unknown,1,0,42
0022100421,60,PT06M04.00S,1,1610612754,IND,1626167,Turner,M. Turner,0,0,0,,0,,,0,v,Turner Backcourt Turnover (P1.T2),Turnover,Backcourt Turnover,1,0,43
0022100421,61,PT06M04.00S,1,1610612749,MIL,1629670,Nwora,J. Nwora,0,0,0,,0,,,0,h,SUB: Hood FOR Nwora,Substitution,,0,0,44
0022100421,63,PT05M56.00S,1,1610612749,MIL,201950,Holiday,J. Holiday,-22,85,9,Missed,1,,,0,h,MISS Holiday 9' Driving Hook Shot,Missed Shot,Driving Hook Shot,1,2,45
0022100421,64,PT05M50.00S,1,1610612754,IND,1626167,Turner,M. Turner,0,0,0,,0,,,0,v,Turner REBOUND (Off:0 Def:2),Rebound,Unknown,1,0,46
0022100421,65,PT05M48.00S,1,1610612754,IND,1627763,Brogdon,M. Brogdon,1,11,1,Made,1,18,15,33,v,Brogdon 1' Running Layup (2 PTS),Made Shot,Running Layup Shot,1,2,47
0022100421,66,PT05M38.00S,1,1610612749,MIL,201950,Holiday,J. Holiday,0,0,0,,0,,,0,h,Holiday Bad Pass Turnover (P1.T1),Turnover,Bad Pass,1,0,48
0022100421,66,PT05M38.00S,1,1610612754,IND,1627747,LeVert,C. LeVert,0,0,0,,0,,,0,v,LeVert STEAL (1 STL),,,1,0,49
0022100421,68,PT05M32.00S,1,1610612754,IND,1627747,LeVert,C. LeVert,-6,8,1,Made,1,18,17,35,v,LeVert 1' Running Dunk (11 PTS) (Brogdon 4 AST),Made Shot,Running Dunk Shot,1,2,50
0022100421,70,PT05M16.00S,1,1610612749,MIL,201950,Holiday,J. Holiday,-48,40,6,Made,1,20,17,37,h,Holiday 6' Driving Bank Hook Shot (7 PTS),Made Shot,Driving Bank Hook Shot,1,2,51
0022100421,71,PT04M55.00S,1,1610612754,IND,1627747,LeVert,C. LeVert,-87,253,27,Made,1,20,20,40,v,LeVert 27' 3PT Jump Shot (14 PTS) (Turner 1 AST),Made Shot,Jump Shot,1,3,52
0022100421,73,PT04M48.00S,1,0,,1610612749,,,0,0,0,,0,,,0,h,BUCKS Timeout: Regular (Full 1 Short 0),Timeout,Regular,0,0,53
0022100421,74,PT04M48.00S,1,1610612749,MIL,1626192,Connaughton,P. Connaughton,0,0,0,,0,,,0,h,SUB: Antetokounmpo FOR Connaughton,Substitution,,0,0,54
0022100421,75,PT04M48.00S,1,1610612754,IND,1630537,Duarte,C. Duarte,0,0,0,,0,,,0,v,SUB: Brissett FOR Duarte,Substitution,,0,0,55
0022100421,76,PT04M48.00S,1,1610612754,IND,1626167,Turner,M. Turner,0,0,0,,0,,,0,v,SUB: Holiday FOR Turner,Substitution,,0,0,56
0022100421,80,PT04M39.00S,1,1610612749,MIL,1628960,Allen,G. Allen,44,148,15,Missed,1,,,0,h,MISS Allen 15' Floating Jump Shot,Missed Shot,Floating Jump shot,1,2,57
0022100421,81,PT04M35.00S,1,1610612754,IND,1627734,Sabonis,D. Sabonis,0,0,0,,0,,,0,v,Sabonis REBOUND (Off:1 Def:4),Rebound,Unknown,1,0,58
0022100421,82,PT04M25.00S,1,1610612754,IND,1627763,Brogdon,M. Brogdon,-102,230,25,Made,1,20,23,43,v,Brogdon 25' 3PT Pullup Jump Shot (5 PTS),Made Shot,Pullup Jump shot,1,3,59
0022100421,83,PT04M10.00S,1,1610612749,MIL,201950,Holiday,J. Holiday,-38,32,5,Missed,1,,,0,h,MISS Holiday 5' Driving Layup,Missed Shot,Driving Layup Shot,1,2,60
0022100421,84,PT04M07.00S,1,1610612754,IND,1627734,Sabonis,D. Sabonis,0,0,0,,0,,,0,v,Sabonis REBOUND (Off:1 Def:5),Rebound,Unknown,1,0,61
0022100421,85,PT03M57.00S,1,1610612754,IND,1627734,Sabonis,D. Sabonis,-9,13,2,Made,1,20,25,45,v,Sabonis 2' Hook Shot (2 PTS) (LeVert 2 AST),Made Shot,Hook Shot,1,2,62
0022100421,87,PT03M38.00S,1,1610612749,MIL,201950,Holiday,J. Holiday,-6,6,1,Made,1,22,25,47,h,Holiday 1' Driving Layup (9 PTS),Made Shot,Driving Layup Shot,1,2,63
0022100421,88,PT03M23.00S,1,1610612754,IND,1627734,Sabonis,D. Sabonis,0,0,0,,0,,,0,v,Sabonis Bad Pass Turnover (P2.T3),Turnover,Bad Pass,1,0,64
0022100421,88,PT03M23.00S,1,1610612749,MIL,203648,Antetokounmpo,T. Antetokounmpo,0,0,0,,0,,,0,h,Antetokounmpo STEAL (1 STL),,,1,0,65
0022100421,90,PT03M18.00S,1,1610612749,MIL,203648,Antetokounmpo,T. Antetokounmpo,7,5,1,Missed,1,,,0,h,MISS Antetokounmpo 1' Running Layup,Missed Shot,Running Layup Shot,1,2,66
0022100421,91,PT03M15.00S,1,1610612754,IND,203200,Holiday,J. Holiday,0,0,0,,0,,,0,v,Holiday REBOUND (Off:0 Def:1),Rebound,Unknown,1,0,67
0022100421,92,PT03M10.00S,1,1610612754,IND,203200,Holiday,J. Holiday,-6,5,1,Made,1,22,27,49,v,Holiday 1' Running Layup (2 PTS) (Sabonis 2 AST),Made Shot,Running Layup Shot,1,2,68
0022100421,94,PT02M58.00S,1,1610612754,IND,1627763,Brogdon,M. Brogdon,0,0,0,,0,,,0,v,Brogdon P.FOUL (P1.T1) (J.Capers),Foul,Personal,1,0,69
0022100421,96,PT02M58.00S,1,1610612749,MIL,1628960,Allen,G. Allen,0,0,0,,0,,,0,h,SUB: G. Hill FOR Allen,Substitution,,0,0,70
0022100421,97,PT02M58.00S,1,1610612754,IND,1627763,Brogdon,M. Brogdon,0,0,0,,0,,,0,v,SUB: Wanamaker FOR Brogdon,Substitution,,0,0,71
0022100421,100,PT02M47.00S,1,1610612749,MIL,203918,Hood,R. Hood,161,194,25,Made,1,25,27,52,h,Hood 25' 3PT Pullup Jump Shot (3 PTS),Made Shot,Pullup Jump shot,1,3,72
0022100421,101,PT02M24.00S,1,1610612754,IND,1627734,Sabonis,D. Sabonis,0,0,0,,0,,,0,v,Sabonis Bad Pass Turnover (P3.T4),Turnover,Bad Pass,1,0,73
0022100421,101,PT02M24.00S,1,1610612749,MIL,1630572,Mamukelashvili,S. Mamukelashvili,0,0,0,,0,,,0,h,Mamukelashvili STEAL (1 STL),,,1,0,74
0022100421,103,PT02M15.00S,1,1610612749,MIL,201950,Holiday,J. Holiday,80,234,25,Missed,1,,,0,h,MISS Holiday 25' 3PT Step Back Jump Shot,Missed Shot,Step Back Jump shot,1,3,75
0022100421,104,PT02M13.00S,1,0,,1610612754,,,0,0,0,,0,,,0,v,Pacers Rebound,Rebound,Unknown,0,0,76
0022100421,106,PT02M13.00S,1,1610612749,MIL,1630572,Mamukelashvili,S. Mamukelashvili,0,0,0,,0,,,0,h,SUB: Portis FOR Mamukelashvili,Substitution,,0,0,77
0022100421,107,PT02M13.00S,1,1610612754,IND,1627747,LeVert,C. LeVert,0,0,0,,0,,,0,v,SUB: Martin FOR LeVert,Substitution,,0,0,78
0022100421,110,PT01M57.00S,1,1610612754,IND,1629052,Brissett,O. Brissett,-6,39,4,Made,1,25,29,54,v,Brissett 4' Driving Floating Bank Jump Shot (2 PTS) (Holiday 1 AST),Made Shot,Driving Floating Bank Jump Shot,1,2,79
0022100421,112,PT01M45.00S,1,1610612749,MIL,1626171,Portis,B. Portis,23,1,2,Made,1,27,29,56,h,Portis 2' Cutting Layup Shot (5 PTS) (Holiday 3 AST),Made Shot,Cutting Layup Shot,1,2,80
0022100421,114,PT01M33.00S,1,1610612754,IND,1629052,Brissett,O. Brissett,-213,137,25,Missed,1,,,0,v,MISS Brissett 25' 3PT Jump Shot,Missed Shot,Jump Shot,1,3,81
0022100421,115,PT01M29.00S,1,1610612754,IND,1627734,Sabonis,D. Sabonis,0,0,0,,0,,,0,v,Sabonis REBOUND (Off:2 Def:5),Rebound,Unknown,1,0,82
0022100421,116,PT01M27.00S,1,1610612754,IND,1629103,Martin,K. Martin,116,217,25,Missed,1,,,0,v,MISS Martin 25' 3PT Jump Shot,Missed Shot,Jump Shot,1,3,83
0022100421,117,PT01M23.00S,1,1610612749,MIL,1626171,Portis,B. Portis,0,0,0,,0,,,0,h,Portis REBOUND (Off:0 Def:1),Rebound,Unknown,1,0,84
0022100421,118,PT01M19.00S,1,1610612749,MIL,1626171,Portis,B. Portis,54,262,27,Made,1,30,29,59,h,Portis 27' 3PT Running Jump Shot (8 PTS) (Holiday 4 AST),Made Shot,Running Jump Shot,1,3,85
0022100421,120,PT01M00.00S,1,1610612754,IND,1629052,Brissett,O. Brissett,9,10,1,Made,1,30,31,61,v,Brissett 1' Driving Layup (4 PTS) (Wanamaker 1 AST),Made Shot,Driving Layup Shot,1,2,86
0022100421,122,PT00M48.60S,1,1610612749,MIL,203918,Hood,R. Hood,-191,168,25,Made,1,33,31,64,h,Hood 25' 3PT Jump Shot (6 PTS) (Holiday 5 AST),Made Shot,Jump Shot,1,3,87
0022100421,124,PT00M28.20S,1,1610612754,IND,1629052,Brissett,O. Brissett,9,20,2,Missed,1,,,0,v,MISS Brissett 2' Cutting Layup Shot,Missed Shot,Cutting Layup Shot,1,2,88
0022100421,124,PT00M28.20S,1,1610612749,MIL,203648,Antetokounmpo,T. Antetokounmpo,0,0,0,,0,,,0,h,Antetokounmpo BLOCK (1 BLK),,,1,2,89
0022100421,126,PT00M23.30S,1,1610612754,IND,202954,Wanamaker,B. Wanamaker,0,0,0,,0,,,0,v,Wanamaker REBOUND (Off:1 Def:0),Rebound,Unknown,1,0,90
0022100421,127,PT00M23.10S,1,1610612754,IND,202954,Wanamaker,B. Wanamaker,237,55,24,Missed,1,,,0,v,MISS Wanamaker 24' 3PT Jump Shot,Missed Shot,Jump Shot,1,3,91
0022100421,128,PT00M17.90S,1,1610612754,IND,1629052,Brissett,O. Brissett,0,0,0,,0,,,0,v,Brissett REBOUND (Off:1 Def:0),Rebound,Unknown,1,0,92
0022100421,129,PT00M17.90S,1,1610612754,IND,1629052,Brissett,O. Brissett,0,0,0,Made,1,33,33,66,v,Brissett Tip Layup Shot (6 PTS),Made Shot,Tip Layup Shot,1,2,93
0022100421,130,PT00M03.00S,1,1610612749,MIL,201950,Holiday,J. Holiday,0,0,0,,0,,,0,h,Holiday Lost Ball Turnover (P2.T2),Turnover,Lost Ball,1,0,94
0022100421,130,PT00M03.00S,1,1610612754,IND,1627734,Sabonis,D. Sabonis,0,0,0,,0,,,0,v,Sabonis STEAL (1 STL),,,1,0,95
0022100421,132,PT00M01.90S,1,1610612749,MIL,203648,Antetokounmpo,T. Antetokounmpo,0,0,0,,0,,,0,h,Antetokounmpo Personal Take Foul (P1.T3) (B.Schwab),Foul,Personal Take,1,0,96
0022100421,134,PT00M01.90S,1,1610612749,MIL,201950,Holiday,J. Holiday,0,0,0,,0,,,0,h,SUB: Smart FOR Holiday,Substitution,,0,0,97
0022100421,135,PT00M01.90S,1,1610612754,IND,1627734,Sabonis,D. Sabonis,0,0,0,,0,,,0,v,SUB: Turner FOR Sabonis,Substitution,,0,0,98
0022100421,138,PT00M00.00S,1,1610612754,IND,1629052,Brissett,O. Brissett,-69,242,25,Missed,1,,,0,v,MISS Brissett 25' 3PT Jump Shot,Missed Shot,Jump Shot,1,3,99
0022100421,139,PT00M00.00S,1,0,,1610612754,,,0,0,0,,0,,,0,v,Pacers Rebound,Rebound,Unknown,0,0,100
0022100421,140,PT00M00.00S,1,0,,0,,,0,0,0,,0,33,33,66,,End of 1st Period (8:33 PM EST),period,end,1,0,101
0022100421,143,PT12M00.00S,2,0,,0,,,0,0,0,,0,33,33,66,,Start of 2nd Period (8:35 PM EST),period,start,0,0,102
0022100421,144,PT11M45.00S,2,1610612754,IND,1626167,Turner,M. Turner,-211,-16,21,Missed,1,,,0,v,MISS Turner 21' Jump Shot,Missed Shot,Jump Shot,1,2,103
0022100421,145,PT11M41.00S,2,1610612749,MIL,1626192,Connaughton,P. Connaughton,0,0,0,,0,,,0,h,Connaughton REBOUND (Off:0 Def:1),Rebound,Unknown,1,0,104
0022100421,147,PT11M22.00S,2,1610612749,MIL,1630606,Smart,J. Smart,11,13,2,Made,1,35,33,68,h,Smart 2' Driving Layup (2 PTS),Made Shot,Driving Layup Shot,1,2,105
0022100421,148,PT10M58.00S,2,1610612754,IND,1629103,Martin,K. Martin,5,130,13,Made,1,35,35,70,v,Martin 13' Driving Floating Jump Shot (2 PTS) (Wanamaker 2 AST),Made Shot,Driving Floating Jump Shot,1,2,106
0022100421,150,PT10M44.00S,2,1610612749,MIL,1626171,Portis,B. Portis,-49,179,19,Made,1,37,35,72,h,Portis 19' Jump Shot (10 PTS) (G. Hill 1 AST),Made Shot,Jump Shot,1,2,107
0022100421,152,PT10M31.00S,2,1610612754,IND,202954,Wanamaker,B. Wanamaker,-5,13,1,Made,1,37,37,74,v,Wanamaker 1' Driving Finger Roll Layup (2 PTS),Made Shot,Driving Finger Roll Layup Shot,1,2,108
0022100421,153,PT10M20.00S,2,1610612749,MIL,201588,Hill,G. Hill,82,245,26,Missed,1,,,0,h,MISS G. Hill 26' 3PT Pullup Jump Shot,Missed Shot,Pullup Jump shot,1,3,109
0022100421,154,PT10M17.00S,2,1610612754,IND,1629052,Brissett,O. Brissett,0,0,0,,0,,,0,v,Brissett REBOUND (Off:1 Def:1),Rebound,Unknown,1,0,110
0022100421,155,PT10M14.00S,2,1610612754,IND,202954,Wanamaker,B. Wanamaker,0,0,0,,0,,,0,v,Wanamaker Out of Bounds Lost Ball Turnover (P1.T5),Turnover,Out of Bounds Lost Ball Turnover,1,0,111
0022100421,156,PT10M14.00S,2,1610612749,MIL,203918,Hood,R. Hood,0,0,0,,0,,,0,h,SUB: Nwora FOR Hood,Substitution,,0,0,112
0022100421,159,PT09M58.00S,2,1610612749,MIL,1629670,Nwora,J. Nwora,11,10,1,Missed,1,,,0,h,MISS Nwora 1' Driving Layup,Missed Shot,Driving Layup Shot,1,2,113
0022100421,159,PT09M58.00S,2,1610612754,IND,1626167,Turner,M. Turner,0,0,0,,0,,,0,v,Turner BLOCK (1 BLK),,,1,2,114
0022100421,161,PT09M54.00S,2,1610612754,IND,1629052,Brissett,O. Brissett,0,0,0,,0,,,0,v,Brissett REBOUND (Off:1 Def:2),Rebound,Unknown,1,0,115
0022100421,162,PT09M50.00S,2,1610612754,IND,1626167,Turner,M. Turner,56,247,25,Missed,1,,,0,v,MISS Turner 25' 3PT Jump Shot,Missed Shot,Jump Shot,1,3,116
0022100421,163,PT09M47.00S,2,1610612749,MIL,1630606,Smart,J. Smart,0,0,0,,0,,,0,h,Smart REBOUND (Off:0 Def:1),Rebound,Unknown,1,0,117
0022100421,164,PT09M47.00S,2,1610612754,IND,203200,Holiday,J. Holiday,0,0,0,,0,,,0,v,Holiday Personal Take Foul (P1.T1) (B.Schwab),Foul,Personal Take,1,0,118
0022100421,166,PT09M47.00S,2,1610612754,IND,1629052,Brissett,O. Brissett,0,0,0,,0,,,0,v,SUB: Duarte FOR Brissett,Substitution,,0,0,119
0022100421,168,PT09M35.00S,2,1610612749,MIL,1630606,Smart,J. Smart,-210,132,25,Made,1,40,37,77,h,Smart 25' 3PT Jump Shot (5 PTS) (G. Hill 2 AST),Made Shot,Jump Shot,1,3,120
0022100421,170,PT09M18.00S,2,1610612754,IND,1629103,Martin,K. Martin,-5,94,9,Made,1,40,39,79,v,Martin 9' Driving Floating Jump Shot (4 PTS) (Wanamaker 3 AST),Made Shot,Driving Floating Jump Shot,1,2,121
0022100421,172,PT09M03.00S,2,1610612749,MIL,201588,Hill,G. Hill,0,0,0,,0,,,0,h,G. Hill Bad Pass Turnover (P1.T3),Turnover,Bad Pass,1,0,122
0022100421,172,PT09M03.00S,2,1610612754,IND,203200,Holiday,J. Holiday,0,0,0,,0,,,0,v,Holiday STEAL (1 STL),,,1,0,123
0022100421,174,PT08M56.00S,2,1610612754,IND,202954,Wanamaker,B. Wanamaker,-25,20,3,Made,1,40,41,81,v,Wanamaker 3' Driving Layup (4 PTS) (Holiday 2 AST),Made Shot,Driving Layup Shot,1,2,124
0022100421,176,PT08M56.00S,2,1610612749,MIL,1626192,Connaughton,P. Connaughton,0,0,0,,0,,,0,h,Connaughton S.FOUL (P2.T1) (D.Collins),Foul,Shooting,1,0,125
0022100421,178,PT08M56.00S,2,1610612754,IND,202954,Wanamaker,B. Wanamaker,0,0,0,,0,40,42,82,v,Wanamaker Free Throw 1 of 1 (5 PTS),Free Throw,Free Throw 1 of 1,1,0,126
0022100421,179,PT08M40.00S,2,1610612749,MIL,1626171,Portis,B. Portis,87,77,12,Missed,1,,,0,h,MISS Portis 12' Fadeaway Jumper,Missed Shot,Fadeaway Jump Shot,1,2,127
0022100421,180,PT08M37.00S,2,1610612754,IND,1629103,Martin,K. Martin,0,0,0,,0,,,0,v,Martin REBOUND (Off:0 Def:1),Rebound,Unknown,1,0,128
0022100421,181,PT08M27.00S,2,1610612754,IND,1626167,Turner,M. Turner,0,0,0,,0,,,0,v,Turner Out of Bounds Lost Ball Turnover (P2.T6),Turnover,Out of Bounds Lost Ball Turnover,1,0,129
0022100421,182,PT08M27.00S,2,1610612749,MIL,201588,Hill,G. Hill,0,0,0,,0,,,0,h,SUB: Allen FOR G. Hill,Substitution,,0,0,130
0022100421,183,PT08M27.00S,2,1610612749,MIL,1626171,Portis,B. Portis,0,0,0,,0,,,0,h,SUB: Mamukelashvili FOR Portis,Substitution,,0,0,131
0022100421,184,PT08M27.00S,2,1610612754,IND,203200,Holiday,J. Holiday,0,0,0,,0,,,0,v,SUB: LeVert FOR Holiday,Substitution,,0,0,132
0022100421,188,PT08M09.00S,2,1610612749,MIL,1628960,Allen,G. Allen,39,35,5,Missed,1,,,0,h,MISS Allen 5' Driving Bank Hook Shot,Missed Shot,Driving Bank Hook Shot,1,2,133
0022100421,189,PT08M04.00S,2,1610612754,IND,1626167,Turner,M. Turner,0,0,0,,0,,,0,v,Turner REBOUND (Off:0 Def:3),Rebound,Unknown,1,0,134
0022100421,190,PT07M59.00S,2,1610612754,IND,1626167,Turner,M. Turner,66,43,8,Missed,1,,,0,v,MISS Turner 8' Driving Floating Bank Jump Shot,Missed Shot,Driving Floating Bank Jump Shot,1,2,135
0022100421,191,PT07M56.00S,2,1610612749,MIL,1628960,Allen,G. Allen,0,0,0,,0,,,0,h,Allen REBOUND (Off:0 Def:1),Rebound,Unknown,1,0,136
0022100421,192,PT07M54.00S,2,1610612749,MIL,1626192,Connaughton,P. Connaughton,7,3,1,Made,1,42,42,84,h,Connaughton 1' Running Dunk (5 PTS) (Allen 1 AST),Made Shot,Running Dunk Shot,1,2,137
0022100421,194,PT07M33.00S,2,1610612754,IND,1630537,Duarte,C. Duarte,-7,44,4,Made,1,42,44,86,v,Duarte 4' Driving Layup (2 PTS),Made Shot,Driving Layup Shot,1,2,138
0022100421,195,PT07M20.00S,2,1610612749,MIL,1628960,Allen,G. Allen,37,251,25,Missed,1,,,0,h,MISS Allen 25' 3PT Step Back Jump Shot,Missed Shot,Step Back Jump shot,1,3,139
0022100421,196,PT07M17.00S,2,1610612754,IND,1630537,Duarte,C. Duarte,0,0,0,,0,,,0,v,Duarte REBOUND (Off:0 Def:1),Rebound,Unknown,1,0,140
0022100421,197,PT07M04.00S,2,1610612754,IND,1626167,Turner,M. Turner,233,53,24,Missed,1,,,0,v,MISS Turner 24' 3PT Jump Shot,Missed Shot,Jump Shot,1,3,141
0022100421,198,PT06M59.00S,2,1610612749,MIL,1628960,Allen,G. Allen,0,0,0,,0,,,0,h,Allen REBOUND (Off:0 Def:2),Rebound,Unknown,1,0,142
0022100421,199,PT06M51.00S,2,1610612749,MIL,1630572,Mamukelashvili,S. Mamukelashvili,23,5,2,Missed,1,,,0,h,MISS Mamukelashvili 2' Driving Layup,Missed Shot,Driving Layup Shot,1,2,143
0022100421,199,PT06M51.00S,2,1610612754,IND,1626167,Turner,M. Turner,0,0,0,,0,,,0,v,Turner BLOCK (2 BLK),,,1,2,144
0022100421,201,PT06M47.00S,2,1610612754,IND,202954,Wanamaker,B. Wanamaker,0,0,0,,0,,,0,v,Wanamaker REBOUND (Off:1 Def:1),Rebound,Unknown,1,0,145
0022100421,202,PT06M47.00S,2,1610612754,IND,1627747,LeVert,C. LeVert,-31,6,3,Missed,1,,,0,v,MISS LeVert 3' Driving Layup,Missed Shot,Driving Layup Shot,1,2,146
0022100421,202,PT06M47.00S,2,1610612749,MIL,1629670,Nwora,J. Nwora,0,0,0,,0,,,0,h,Nwora BLOCK (1 BLK),,,1,2,147
0022100421,204,PT06M47.00S,2,0,,1610612754,,,0,0,0,,0,,,0,v,Pacers Rebound,Rebound,Unknown,0,0,148
0022100421,205,PT06M47.00S,2,0,,1610612749,,,0,0,0,,0,,,0,h,BUCKS Timeout: Regular (Full 2 Short 0),Timeout,Regular,0,0,149
0022100421,206,PT06M47.00S,2,1610612749,MIL,1630606,Smart,J. Smart,0,0,0,,0,,,0,h,SUB: Holiday FOR Smart,Substitution,,0,0,150
0022100421,207,PT06M47.00S,2,1610612754,IND,202954,Wanamaker,B. Wanamaker,0,0,0,,0,,,0,v,SUB: Sabonis FOR Wanamaker,Substitution,,0,0,151
0022100421,208,PT06M47.00S,2,1610612754,IND,1626167,Turner,M. Turner,0,0,0,,0,,,0,v,SUB: Brogdon FOR Turner,Substitution,,0,0,152
0022100421,212,PT06M47.00S,2,0,,1610612754,,,0,0,0,,0,,,0,v,Pacers Turnover: 5 Second Violation (T#7),Turnover,5 Second Violation,0,0,153
0022100421,213,PT06M33.00S,2,1610612749,MIL,1628960,Allen,G. Allen,4,121,12,Missed,1,,,0,h,MISS Allen 12' Driving Floating Jump Shot,Missed Shot,Driving Floating Jump Shot,1,2,154
0022100421,214,PT06M26.00S,2,1610612749,MIL,1630572,Mamukelashvili,S. Mamukelashvili,0,0,0,,0,,,0,h,Mamukelashvili REBOUND (Off:1 Def:0),Rebound,Unknown,1,0,155
0022100421,215,PT06M26.00S,2,1610612749,MIL,1630572,Mamukelashvili,S. Mamukelashvili,0,0,0,Missed,1,,,0,h,MISS Mamukelashvili Tip Layup Shot,Missed Shot,Tip Layup Shot,1,2,156
0022100421,216,PT06M26.00S,2,1610612754,IND,1630537,Duarte,C. Duarte,0,0,0,,0,,,0,v,Duarte REBOUND (Off:0 Def:2),Rebound,Unknown,1,0,157
0022100421,217,PT06M13.00S,2,1610612754,IND,1627747,LeVert,C. LeVert,0,0,0,,0,,,0,v,LeVert OFF.Foul (P1) (D.Collins),Foul,Offensive,1,0,158
0022100421,219,PT06M13.00S,2,1610612754,IND,1627747,LeVert,C. LeVert,0,0,0,,0,,,0,v,LeVert Offensive Foul Turnover (P1.T8),Turnover,Offensive Foul Turnover,1,0,159
0022100421,220,PT05M54.00S,2,1610612754,IND,1627763,Brogdon,M. Brogdon,0,0,0,,0,,,0,v,Brogdon S.FOUL (P2.T2) (D.Collins),Foul,Shooting,1,0,160
0022100421,222,PT05M54.00S,2,1610612749,MIL,201950,Holiday,J. Holiday,0,0,0,,0,,,0,h,MISS Holiday Free Throw 1 of 2,Free Throw,Free Throw 1 of 2,1,0,161
0022100421,223,PT05M54.00S,2,0,,1610612749,,,0,0,0,,0,,,0,h,BUCKS Rebound,Rebound,Normal Rebound,0,0,162
0022100421,224,PT05M54.00S,2,1610612749,MIL,201950,Holiday,J. Holiday,0,0,0,,0,,,0,h,MISS Holiday Free Throw 2 of 2,Free Throw,Free Throw 2 of 2,1,0,163
0022100421,225,PT05M51.00S,2,1610612754,IND,1627734,Sabonis,D. Sabonis,0,0,0,,0,,,0,v,Sabonis REBOUND (Off:2 Def:6),Rebound,Unknown,1,0,164
0022100421,226,PT05M43.00S,2,1610612749,MIL,1630572,Mamukelashvili,S. Mamukelashvili,0,0,0,,0,,,0,h,Mamukelashvili P.FOUL (P1.T2) (D.Collins),Foul,Personal,1,0,165
0022100421,228,PT05M38.00S,2,1610612754,IND,1627763,Brogdon,M. Brogdon,0,0,0,,0,,,0,v,Brogdon Out of Bounds - Bad Pass Turnover Turnover (P1.T9),Turnover,Out of Bounds - Bad Pass Turnover,1,0,166
0022100421,229,PT05M20.00S,2,1610612749,MIL,201950,Holiday,J. Holiday,-1,82,8,Made,1,44,44,88,h,Holiday 8' Turnaround Hook Shot (11 PTS),Made Shot,Turnaround Hook Shot,1,2,167
0022100421,230,PT05M07.00S,2,1610612754,IND,1627747,LeVert,C. LeVert,-2,118,12,Missed,1,,,0,v,MISS LeVert 12' Step Back Jump Shot,Missed Shot,Step Back Jump shot,1,2,168
0022100421,232,PT05M03.00S,2,1610612749,MIL,1630572,Mamukelashvili,S. Mamukelashvili,0,0,0,,0,,,0,h,Mamukelashvili REBOUND (Off:1 Def:1),Rebound,Unknown,1,0,169
0022100421,233,PT04M59.00S,2,1610612749,MIL,1626192,Connaughton,P. Connaughton,-225,-15,0,Made,1,47,44,91,h,Connaughton 3PT Running Jump Shot (8 PTS) (Holiday 6 AST),Made Shot,Running Jump Shot,1,3,170
0022100421,235,PT04M40.00S,2,1610612754,IND,1630537,Duarte,C. Duarte,228,-6,0,Missed,1,,,0,v,MISS Duarte 3PT Jump Shot,Missed Shot,Jump Shot,1,3,171
0022100421,236,PT04M37.00S,2,1610612749,MIL,1630572,Mamukelashvili,S. Mamukelashvili,0,0,0,,0,,,0,h,Mamukelashvili REBOUND (Off:1 Def:2),Rebound,Unknown,1,0,172
0022100421,237,PT04M33.00S,2,1610612754,IND,1629103,Martin,K. Martin,0,0,0,,0,,,0,v,Martin P.FOUL (P1.T3) (D.Collins),Foul,Personal,1,0,173
0022100421,239,PT04M33.00S,2,1610612749,MIL,1629670,Nwora,J. Nwora,0,0,0,,0,,,0,h,SUB: Antetokounmpo FOR Nwora,Substitution,,0,0,174
0022100421,240,PT04M33.00S,2,1610612754,IND,1629103,Martin,K. Martin,0,0,0,,0,,,0,v,SUB: Brissett FOR Martin,Substitution,,0,0,175
0022100421,243,PT04M23.00S,2,1610612754,IND,1630537,Duarte,C. Duarte,0,0,0,,0,,,0,v,Duarte P.FOUL (P1.T4) (J.Capers),Foul,Personal,1,0,176
0022100421,245,PT04M13.00S,2,1610612749,MIL,201950,Holiday,J. Holiday,69,57,9,Made,1,49,44,93,h,Holiday 9' Driving Floating Bank Jump Shot (13 PTS),Made Shot,Driving Floating Bank Jump Shot,1,2,177
0022100421,246,PT03M58.00S,2,1610612754,IND,1627734,Sabonis,D. Sabonis,-10,8,1,Missed,1,,,0,v,MISS Sabonis 1' Driving Layup,Missed Shot,Driving Layup Shot,1,2,178
0022100421,247,PT03M51.00S,2,1610612754,IND,1627734,Sabonis,D. Sabonis,0,0,0,,0,,,0,v,Sabonis REBOUND (Off:3 Def:6),Rebound,Unknown,1,0,179
0022100421,248,PT03M51.00S,2,1610612754,IND,1627734,Sabonis,D. Sabonis,0,0,0,Made,1,49,46,95,v,Sabonis Tip Layup Shot (4 PTS),Made Shot,Tip Layup Shot,1,2,180
0022100421,249,PT03M43.00S,2,1610612749,MIL,201950,Holiday,J. Holiday,-70,17,7,Made,1,51,46,97,h,Holiday 7' Driving Finger Roll Layup (15 PTS),Made Shot,Driving Finger Roll Layup Shot,1,2,181
0022100421,250,PT03M43.00S,2,0,,1610612754,,,0,0,0,,0,,,0,v,Pacers Timeout: Regular (Reg.2 Short 0),Timeout,Regular,0,0,182
0022100421,251,PT03M43.00S,2,1610612749,MIL,1628960,Allen,G. Allen,0,0,0,,0,,,0,h,SUB: Hood FOR Allen,Substitution,,0,0,183
0022100421,252,PT03M43.00S,2,1610612749,MIL,1626192,Connaughton,P. Connaughton,0,0,0,,0,,,0,h,SUB: Portis FOR Connaughton,Substitution,,0,0,184
0022100421,253,PT03M43.00S,2,1610612749,MIL,1630572,Mamukelashvili,S. Mamukelashvili,0,0,0,,0,,,0,h,SUB: G. Hill FOR Mamukelashvili,Substitution,,0,0,185
0022100421,254,PT03M43.00S,2,1610612754,IND,1630537,Duarte,C. Duarte,0,0,0,,0,,,0,v,SUB: Turner FOR Duarte,Substitution,,0,0,186
0022100421,259,PT03M22.00S,2,1610612754,IND,1627763,Brogdon,M. Brogdon,82,237,25,Made,1,51,49,100,v,Brogdon 25' 3PT Pullup Jump Shot (8 PTS) (LeVert 3 AST),Made Shot,Pullup Jump shot,1,3,187
0022100421,261,PT03M06.00S,2,1610612749,MIL,1626171,Portis,B. Portis,9,69,7,Made,1,53,49,102,h,Portis 7' Driving Finger Roll Layup (12 PTS) (Holiday 7 AST),Made Shot,Driving Finger Roll Layup Shot,1,2,188
0022100421,263,PT02M53.00S,2,1610612754,IND,1627747,LeVert,C. LeVert,197,147,25,Missed,1,,,0,v,MISS LeVert 25' 3PT Jump Shot,Missed Shot,Jump Shot,1,3,189
0022100421,264,PT02M49.00S,2,1610612749,MIL,203648,Antetokounmpo,T. Antetokounmpo,0,0,0,,0,,,0,h,Antetokounmpo REBOUND (Off:0 Def:1),Rebound,Unknown,1,0,190
0022100421,265,PT02M36.00S,2,1610612754,IND,1626167,Turner,M. Turner,0,0,0,,0,,,0,v,Turner S.FOUL (P1.PN) (B.Schwab),Foul,Shooting,1,0,191
0022100421,267,PT02M36.00S,2,1610612749,MIL,203648,Antetokounmpo,T. Antetokounmpo,0,0,0,,0,54,49,103,h,Antetokounmpo Free Throw 1 of 2 (1 PTS),Free Throw,Free Throw 1 of 2,1,0,192
0022100421,268,PT02M36.00S,2,1610612749,MIL,201950,Holiday,J. Holiday,0,0,0,,0,,,0,h,SUB: Allen FOR Holiday,Substitution,,0,0,193
0022100421,270,PT02M36.00S,2,1610612749,MIL,203648,Antetokounmpo,T. Antetokounmpo,0,0,0,,0,55,49,104,h,Antetokounmpo Free Throw 2 of 2 (2 PTS),Free Throw,Free Throw 2 of 2,1,0,194
0022100421,271,PT02M16.00S,2,1610612754,IND,1627734,Sabonis,D. Sabonis,-233,18,0,Missed,1,,,0,v,MISS Sabonis 3PT Jump Shot,Missed Shot,Jump Shot,1,3,195
0022100421,272,PT02M11.00S,2,1610612749,MIL,203918,Hood,R. Hood,0,0,0,,0,,,0,h,Hood REBOUND (Off:0 Def:1),Rebound,Unknown,1,0,196
0022100421,273,PT02M06.00S,2,1610612749,MIL,203648,Antetokounmpo,T. Antetokounmpo,12,6,1,Missed,1,,,0,h,MISS Antetokounmpo 1' Driving Layup,Missed Shot,Driving Layup Shot,1,2,197
0022100421,273,PT02M06.00S,2,1610612754,IND,1626167,Turner,M. Turner,0,0,0,,0,,,0,v,Turner BLOCK (3 BLK),,,1,2,198
0022100421,275,PT02M02.00S,2,1610612754,IND,1627734,Sabonis,D. Sabonis,0,0,0,,0,,,0,v,Sabonis REBOUND (Off:3 Def:7),Rebound,Unknown,1,0,199
0022100421,276,PT01M58.00S,2,1610612754,IND,1627763,Brogdon,M. Brogdon,-222,143,26,Missed,1,,,0,v,MISS Brogdon 26' 3PT Running Jump Shot,Missed Shot,Running Jump Shot,1,3,200
0022100421,277,PT01M54.00S,2,1610612749,MIL,1626171,Portis,B. Portis,0,0,0,,0,,,0,h,Portis REBOUND (Off:0 Def:2),Rebound,Unknown,1,0,201
0022100421,278,PT01M48.00S,2,1610612754,IND,1627763,Brogdon,M. Brogdon,0,0,0,,0,,,0,v,Brogdon P.FOUL (P3.PN) (B.Schwab),Foul,Personal,1,0,202
0022100421,280,PT01M48.00S,2,1610612749,MIL,201588,Hill,G. Hill,0,0,0,,0,56,49,105,h,G. Hill Free Throw 1 of 2 (1 PTS),Free Throw,Free Throw 1 of 2,1,0,203
0022100421,281,PT01M48.00S,2,1610612754,IND,1627763,Brogdon,M. Brogdon,0,0,0,,0,,,0,v,SUB: Wanamaker FOR Brogdon,Substitution,,0,0,204
0022100421,283,PT01M48.00S,2,1610612749,MIL,201588,Hill,G. Hill,0,0,0,,0,57,49,106,h,G. Hill Free Throw 2 of 2 (2 PTS),Free Throw,Free Throw 2 of 2,1,0,205
0022100421,284,PT01M23.00S,2,1610612754,IND,1627747,LeVert,C. LeVert,77,6,8,Made,1,57,51,108,v,LeVert 8' Fadeaway Jumper (16 PTS),Made Shot,Fadeaway Jump Shot,1,2,206
0022100421,285,PT01M12.00S,2,1610612749,MIL,201588,Hill,G. Hill,0,0,0,,0,,,0,h,G. Hill Lost Ball Turnover (P2.T4),Turnover,Lost Ball,1,0,207
0022100421,285,PT01M12.00S,2,1610612754,IND,1626167,Turner,M. Turner,0,0,0,,0,,,0,v,Turner STEAL (1 STL),,,1,0,208
0022100421,291,PT01M07.00S,2,1610612749,MIL,203918,Hood,R. Hood,0,0,0,,0,,,0,h,Hood S.FOUL (P1.T3) (J.Capers),Foul,Shooting,0,0,209
0022100421,293,PT01M07.00S,2,0,,291,Pinckney,E. Pinckney,0,0,0,,0,57,51,108,,Instant Replay2nd Period (9:00 PM EST),Instant Replay,Support Ruling,0,0,210
0022100421,294,PT01M07.00S,2,1610612754,IND,1626167,Turner,M. Turner,0,0,0,,0,57,52,109,v,Turner Free Throw 1 of 2 (5 PTS),Free Throw,Free Throw 1 of 2,1,0,211
0022100421,295,PT01M07.00S,2,1610612749,MIL,203648,Antetokounmpo,T. Antetokounmpo,0,0,0,,0,,,0,h,SUB: Holiday FOR Antetokounmpo,Substitution,,0,0,212
0022100421,297,PT01M07.00S,2,1610612754,IND,1626167,Turner,M. Turner,0,0,0,,0,57,53,110,v,Turner Free Throw 2 of 2 (6 PTS),Free Throw,Free Throw 2 of 2,1,0,213
0022100421,298,PT00M56.00S,2,1610612754,IND,202954,Wanamaker,B. Wanamaker,0,0,0,,0,,,0,v,Wanamaker S.FOUL (P1.PN) (J.Capers),Foul,Shooting,1,0,214
0022100421,300,PT00M56.00S,2,1610612749,MIL,201950,Holiday,J. Holiday,0,0,0,,0,58,53,111,h,Holiday Free Throw 1 of 2 (16 PTS),Free Throw,Free Throw 1 of 2,1,0,215
0022100421,301,PT00M56.00S,2,1610612749,MIL,201950,Holiday,J. Holiday,0,0,0,,0,,,0,h,MISS Holiday Free Throw 2 of 2,Free Throw,Free Throw 2 of 2,1,0,216
0022100421,302,PT00M53.30S,2,1610612749,MIL,1626171,Portis,B. Portis,0,0,0,,0,,,0,h,Portis REBOUND (Off:1 Def:2),Rebound,Unknown,1,0,217
0022100421,303,PT00M53.30S,2,1610612749,MIL,1626171,Portis,B. Portis,0,0,0,Missed,1,,,0,h,MISS Portis Tip Layup Shot,Missed Shot,Tip Layup Shot,1,2,218
0022100421,304,PT00M53.30S,2,0,,1610612754,,,0,0,0,,0,,,0,v,Pacers Rebound,Rebound,Unknown,0,0,219
0022100421,306,PT00M35.80S,2,1610612754,IND,1629052,Brissett,O. Brissett,-87,237,25,Missed,1,,,0,v,MISS Brissett 25' 3PT Jump Shot,Missed Shot,Jump Shot,1,3,220
0022100421,307,PT00M32.10S,2,1610612749,MIL,201950,Holiday,J. Holiday,0,0,0,,0,,,0,h,Holiday REBOUND (Off:0 Def:1),Rebound,Unknown,1,0,221
0022100421,308,PT00M25.30S,2,1610612749,MIL,1626171,Portis,B. Portis,135,218,26,Missed,1,,,0,h,MISS Portis 26' 3PT Jump Shot,Missed Shot,Jump Shot,1,3,222
0022100421,309,PT00M21.40S,2,1610612754,IND,202954,Wanamaker,B. Wanamaker,0,0,0,,0,,,0,v,Wanamaker REBOUND (Off:1 Def:2),Rebound,Unknown,1,0,223
0022100421,310,PT00M00.00S,2,0,,0,,,0,0,0,,0,58,53,111,,End of 2nd Period (9:03 PM EST),period,end,1,0,224
0022100421,319,PT12M00.00S,3,0,,0,,,0,0,0,,0,58,53,111,,Start of 3rd Period (9:18 PM EST),period,start,0,0,225
0022100421,320,PT11M46.00S,3,1610612754,IND,1627734,Sabonis,D. Sabonis,0,0,0,,0,,,0,v,Sabonis Out of Bounds - Bad Pass Turnover Turnover (P4.T10),Turnover,Out of Bounds - Bad Pass Turnover,1,0,226
0022100421,321,PT11M33.00S,3,1610612749,MIL,1628960,Allen,G. Allen,-10,251,25,Missed,1,,,0,h,MISS Allen 25' 3PT Step Back Jump Shot,Missed Shot,Step Back Jump shot,1,3,227
0022100421,322,PT11M29.00S,3,1610612754,IND,1627763,Brogdon,M. Brogdon,0,0,0,,0,,,0,v,Brogdon REBOUND (Off:0 Def:2),Rebound,Unknown,1,0,228
0022100421,323,PT11M15.00S,3,1610612754,IND,1630537,Duarte,C. Duarte,216,130,25,Made,1,58,56,114,v,Duarte 25' 3PT Jump Shot (5 PTS) (Turner 2 AST),Made Shot,Jump Shot,1,3,229
0022100421,325,PT10M46.00S,3,1610612749,MIL,1629670,Nwora,J. Nwora,-5,8,1,Made,1,60,56,116,h,Nwora 1' Driving Dunk (7 PTS) (Portis 2 AST),Made Shot,Driving Dunk Shot,1,2,230
0022100421,327,PT10M31.00S,3,1610612754,IND,1630537,Duarte,C. Duarte,0,0,0,,0,,,0,v,Duarte Lost Ball Turnover (P1.T11),Turnover,Lost Ball,1,0,231
0022100421,327,PT10M31.00S,3,1610612749,MIL,1628960,Allen,G. Allen,0,0,0,,0,,,0,h,Allen STEAL (1 STL),,,1,0,232
0022100421,329,PT10M23.00S,3,1610612749,MIL,1628960,Allen,G. Allen,157,210,26,Missed,1,,,0,h,MISS Allen 26' 3PT Running Jump Shot,Missed Shot,Running Jump Shot,1,3,233
0022100421,330,PT10M19.00S,3,1610612754,IND,1627763,Brogdon,M. Brogdon,0,0,0,,0,,,0,v,Brogdon REBOUND (Off:0 Def:3),Rebound,Unknown,1,0,234
0022100421,331,PT10M13.00S,3,1610612754,IND,1626167,Turner,M. Turner,38,248,25,Made,1,60,59,119,v,Turner 25' 3PT Jump Shot (9 PTS) (LeVert 4 AST),Made Shot,Jump Shot,1,3,235
0022100421,333,PT09M56.00S,3,1610612749,MIL,1629670,Nwora,J. Nwora,0,0,0,,0,,,0,h,Nwora Lost Ball Turnover (P1.T5),Turnover,Lost Ball,1,0,236
0022100421,333,PT09M56.00S,3,1610612754,IND,1626167,Turner,M. Turner,0,0,0,,0,,,0,v,Turner STEAL (2 STL),,,1,0,237
0022100421,335,PT09M51.00S,3,1610612754,IND,1626167,Turner,M. Turner,7,8,1,Made,1,60,61,121,v,Turner 1' Running Layup (11 PTS),Made Shot,Running Layup Shot,1,2,238
0022100421,336,PT09M40.00S,3,1610612749,MIL,1628960,Allen,G. Allen,224,43,0,Made,1,63,61,124,h,Allen 3PT Jump Shot (5 PTS) (Holiday 8 AST),Made Shot,Jump Shot,1,3,239
0022100421,338,PT09M30.00S,3,1610612754,IND,1627747,LeVert,C. LeVert,-6,4,1,Missed,1,,,0,v,MISS LeVert 1' Driving Reverse Layup,Missed Shot,Driving Reverse Layup Shot,1,2,240
0022100421,339,PT09M28.00S,3,1610612749,MIL,1626171,Portis,B. Portis,0,0,0,,0,,,0,h,Portis REBOUND (Off:1 Def:3),Rebound,Unknown,1,0,241
0022100421,340,PT09M20.00S,3,1610612749,MIL,1626192,Connaughton,P. Connaughton,185,172,25,Missed,1,,,0,h,MISS Connaughton 25' 3PT Jump Shot,Missed Shot,Jump Shot,1,3,242
0022100421,341,PT09M17.00S,3,1610612749,MIL,1626171,Portis,B. Portis,0,0,0,,0,,,0,h,Portis REBOUND (Off:2 Def:3),Rebound,Unknown,1,0,243
0022100421,342,PT09M16.00S,3,1610612749,MIL,1626171,Portis,B. Portis,80,12,8,Missed,1,,,0,h,MISS Portis 8' Turnaround Bank Hook Shot,Missed Shot,Turnaround Bank Hook Shot,1,2,244
0022100421,343,PT09M12.00S,3,1610612754,IND,1627734,Sabonis,D. Sabonis,0,0,0,,0,,,0,v,Sabonis REBOUND (Off:3 Def:8),Rebound,Unknown,1,0,245
0022100421,344,PT09M02.00S,3,1610612754,IND,1630537,Duarte,C. Duarte,107,147,18,Made,1,63,63,126,v,Duarte 18' Pullup Jump Shot (7 PTS) (Sabonis 3 AST),Made Shot,Pullup Jump shot,1,2,246
0022100421,346,PT08M43.00S,3,1610612749,MIL,1626171,Portis,B. Portis,-1,97,10,Missed,1,,,0,h,MISS Portis 10' Driving Hook Shot,Missed Shot,Driving Hook Shot,1,2,247
0022100421,348,PT08M38.00S,3,1610612754,IND,1630537,Duarte,C. Duarte,0,0,0,,0,,,0,v,Duarte REBOUND (Off:0 Def:3),Rebound,Unknown,1,0,248
0022100421,349,PT08M36.00S,3,1610612754,IND,1627734,Sabonis,D. Sabonis,5,14,1,Made,1,63,65,128,v,Sabonis 1' Running Dunk (6 PTS) (Brogdon 5 AST),Made Shot,Running Dunk Shot,1,2,249
0022100421,351,PT08M22.00S,3,1610612749,MIL,201950,Holiday,J. Holiday,-6,8,1,Made,1,65,65,130,h,Holiday 1' Driving Layup (18 PTS),Made Shot,Driving Layup Shot,1,2,250
0022100421,352,PT08M07.00S,3,1610612754,IND,1630537,Duarte,C. Duarte,0,0,0,,0,,,0,v,Duarte Lost Ball Turnover (P2.T12),Turnover,Lost Ball,1,0,251
0022100421,352,PT08M07.00S,3,1610612749,MIL,1629670,Nwora,J. Nwora,0,0,0,,0,,,0,h,Nwora STEAL (2 STL),,,1,0,252
0022100421,354,PT08M00.00S,3,1610612749,MIL,201950,Holiday,J. Holiday,-13,-1,1,Made,1,67,65,132,h,Holiday 1' Running Layup (20 PTS),Made Shot,Running Layup Shot,1,2,253
0022100421,355,PT07M45.00S,3,1610612754,IND,1630537,Duarte,C. Duarte,-224,-18,0,Made,1,67,68,135,v,Duarte 3PT Jump Shot (10 PTS) (Sabonis 4 AST),Made Shot,Jump Shot,1,3,254
0022100421,357,PT07M21.00S,3,1610612749,MIL,1628960,Allen,G. Allen,-85,73,11,Missed,1,,,0,h,MISS Allen 11' Driving Floating Jump Shot,Missed Shot,Driving Floating Jump Shot,1,2,255
0022100421,357,PT07M21.00S,3,1610612754,IND,1626167,Turner,M. Turner,0,0,0,,0,,,0,v,Turner BLOCK (4 BLK),,,1,2,256
0022100421,359,PT07M20.00S,3,1610612754,IND,1627763,Brogdon,M. Brogdon,0,0,0,,0,,,0,v,Brogdon REBOUND (Off:0 Def:4),Rebound,Unknown,1,0,257
0022100421,360,PT07M18.00S,3,1610612754,IND,1627763,Brogdon,M. Brogdon,0,0,0,,0,,,0,v,Brogdon Lost Ball Turnover (P2.T13),Turnover,Lost Ball,1,0,258
0022100421,360,PT07M18.00S,3,1610612749,MIL,1626171,Portis,B. Portis,0,0,0,,0,,,0,h,Portis STEAL (1 STL),,,1,0,259
0022100421,362,PT07M17.00S,3,1610612749,MIL,1626171,Portis,B. Portis,-7,5,1,Made,1,69,68,137,h,Portis 1' Dunk (14 PTS),Made Shot,Dunk Shot,1,2,260
0022100421,363,PT06M55.00S,3,1610612754,IND,1630537,Duarte,C. Duarte,-227,-33,0,Missed,1,,,0,v,MISS Duarte 3PT Step Back Jump Shot,Missed Shot,Step Back Jump shot,1,3,261
0022100421,364,PT06M52.00S,3,1610612749,MIL,1629670,Nwora,J. Nwora,0,0,0,,0,,,0,h,Nwora REBOUND (Off:0 Def:4),Rebound,Unknown,1,0,262
0022100421,365,PT06M48.00S,3,1610612749,MIL,1626192,Connaughton,P. Connaughton,-5,11,1,Made,1,71,68,139,h,Connaughton 1' Running Layup (10 PTS) (Holiday 9 AST),Made Shot,Running Layup Shot,1,2,263
0022100421,367,PT06M48.00S,3,0,,1610612754,,,0,0,0,,0,,,0,v,Pacers Timeout: Regular (Reg.3 Short 0),Timeout,Regular,0,0,264
0022100421,368,PT06M48.00S,3,1610612749,MIL,1629670,Nwora,J. Nwora,0,0,0,,0,,,0,h,SUB: Mamukelashvili FOR Nwora,Substitution,,0,0,265
0022100421,370,PT06M26.00S,3,1610612749,MIL,1626171,Portis,B. Portis,0,0,0,,0,,,0,h,Portis S.FOUL (P1.T1) (D.Collins),Foul,Shooting,1,0,266
0022100421,372,PT06M26.00S,3,1610612754,IND,1627734,Sabonis,D. Sabonis,0,0,0,,0,71,69,140,v,Sabonis Free Throw 1 of 2 (7 PTS),Free Throw,Free Throw 1 of 2,1,0,267
0022100421,373,PT06M26.00S,3,1610612749,MIL,1626171,Portis,B. Portis,0,0,0,,0,,,0,h,SUB: Hood FOR Portis,Substitution,,0,0,268
0022100421,375,PT06M26.00S,3,1610612754,IND,1627734,Sabonis,D. Sabonis,0,0,0,,0,71,70,141,v,Sabonis Free Throw 2 of 2 (8 PTS),Free Throw,Free Throw 2 of 2,1,0,269
0022100421,376,PT06M12.00S,3,1610612749,MIL,1626192,Connaughton,P. Connaughton,-11,12,2,Missed,1,,,0,h,MISS Connaughton 2' Cutting Layup Shot,Missed Shot,Cutting Layup Shot,1,2,270
0022100421,376,PT06M12.00S,3,1610612754,IND,1630537,Duarte,C. Duarte,0,0,0,,0,,,0,v,Duarte BLOCK (1 BLK),,,1,2,271
0022100421,378,PT06M12.00S,3,0,,1610612749,,,0,0,0,,0,,,0,h,BUCKS Rebound,Rebound,Unknown,0,0,272
0022100421,394,PT06M12.00S,3,1610612754,IND,1626167,Turner,M. Turner,0,0,0,,0,,,0,v,SUB: Brissett FOR Turner,Substitution,,0,0,273
0022100421,408,PT06M12.00S,3,1610612754,IND,1630537,Duarte,C. Duarte,0,0,0,,0,,,0,v,SUB: Holiday FOR Duarte,Substitution,,0,0,274
0022100421,379,PT06M12.00S,3,1610612749,MIL,1630572,Mamukelashvili,S. Mamukelashvili,0,0,0,,0,,,0,h,Jump Ball Mamukelashvili vs. Sabonis: Tip to Connaughton,Jump Ball,,1,0,275
0022100421,382,PT05M54.00S,3,1610612749,MIL,201950,Holiday,J. Holiday,-66,71,10,Made,1,73,70,143,h,Holiday 10' Driving Finger Roll Layup (22 PTS),Made Shot,Driving Finger Roll Layup Shot,1,2,276
0022100421,383,PT05M43.00S,3,1610612754,IND,1627763,Brogdon,M. Brogdon,143,199,25,Made,1,73,73,146,v,Brogdon 25' 3PT Pullup Jump Shot (11 PTS),Made Shot,Pullup Jump shot,1,3,277
0022100421,384,PT05M27.00S,3,1610612749,MIL,1630572,Mamukelashvili,S. Mamukelashvili,-12,260,26,Made,1,76,73,149,h,Mamukelashvili 26' 3PT Jump Shot (3 PTS) (Holiday 10 AST),Made Shot,Jump Shot,1,3,278
0022100421,386,PT05M09.00S,3,1610612754,IND,1627763,Brogdon,M. Brogdon,-9,10,1,Missed,1,,,0,v,MISS Brogdon 1' Driving Layup,Missed Shot,Driving Layup Shot,1,2,279
0022100421,387,PT05M04.00S,3,1610612754,IND,1627734,Sabonis,D. Sabonis,0,0,0,,0,,,0,v,Sabonis REBOUND (Off:4 Def:8),Rebound,Unknown,1,0,280
0022100421,388,PT05M04.00S,3,1610612754,IND,1627734,Sabonis,D. Sabonis,0,0,0,Made,1,76,75,151,v,Sabonis Putback Layup (10 PTS),Made Shot,Putback Layup Shot,1,2,281
0022100421,389,PT04M43.00S,3,1610612749,MIL,1628960,Allen,G. Allen,0,0,0,,0,,,0,h,Allen Step Out of Bounds Turnover (P1.T6),Turnover,Step Out of Bounds Turnover,1,0,282
0022100421,390,PT04M43.00S,3,1610612749,MIL,1626192,Connaughton,P. Connaughton,0,0,0,,0,,,0,h,SUB: Antetokounmpo FOR Connaughton,Substitution,,0,0,283
0022100421,392,PT04M27.00S,3,1610612754,IND,1627747,LeVert,C. LeVert,54,37,7,Missed,1,,,0,v,MISS LeVert 7' Driving Layup,Missed Shot,Driving Layup Shot,1,2,284
0022100421,393,PT04M27.00S,3,0,,1610612749,,,0,0,0,,0,,,0,h,BUCKS Rebound,Rebound,Unknown,0,0,285
0022100421,396,PT04M27.00S,3,1610612754,IND,1627734,Sabonis,D. Sabonis,0,0,0,,0,,,0,v,Sabonis L.B.FOUL (P1.T1) (D.Collins),Foul,Loose Ball,1,0,286
0022100421,398,PT04M12.00S,3,1610612749,MIL,201950,Holiday,J. Holiday,0,4,0,Made,1,78,75,153,h,Holiday Driving Layup (24 PTS),Made Shot,Driving Layup Shot,1,2,287
0022100421,399,PT04M00.00S,3,1610612754,IND,203200,Holiday,J. Holiday,-213,117,24,Missed,1,,,0,v,MISS Holiday 24' 3PT Jump Shot,Missed Shot,Jump Shot,1,3,288
0022100421,400,PT03M56.00S,3,1610612754,IND,1627734,Sabonis,D. Sabonis,0,0,0,,0,,,0,v,Sabonis REBOUND (Off:5 Def:8),Rebound,Unknown,1,0,289
0022100421,401,PT03M54.00S,3,1610612754,IND,1627734,Sabonis,D. Sabonis,16,9,2,Made,1,78,77,155,v,Sabonis 2' Putback Layup (12 PTS),Made Shot,Putback Layup Shot,1,2,290
0022100421,402,PT03M44.00S,3,1610612749,MIL,1628960,Allen,G. Allen,6,22,2,Missed,1,,,0,h,MISS Allen 2' Driving Layup,Missed Shot,Driving Layup Shot,1,2,291
0022100421,403,PT03M40.00S,3,1610612754,IND,203200,Holiday,J. Holiday,0,0,0,,0,,,0,v,Holiday REBOUND (Off:0 Def:2),Rebound,Unknown,1,0,292
0022100421,404,PT03M37.00S,3,1610612754,IND,1627747,LeVert,C. LeVert,214,129,25,Missed,1,,,0,v,MISS LeVert 25' 3PT Jump Shot,Missed Shot,Jump Shot,1,3,293
0022100421,405,PT03M30.00S,3,1610612754,IND,1627734,Sabonis,D. Sabonis,0,0,0,,0,,,0,v,Sabonis REBOUND (Off:6 Def:8),Rebound,Unknown,1,0,294
0022100421,406,PT03M30.00S,3,1610612754,IND,1627734,Sabonis,D. Sabonis,0,0,0,Made,1,78,79,157,v,Sabonis Putback Layup (14 PTS),Made Shot,Putback Layup Shot,1,2,295
0022100421,407,PT03M25.00S,3,0,,1610612749,,,0,0,0,,0,,,0,h,BUCKS Timeout: Regular (Full 3 Short 0),Timeout,Regular,0,0,296
0022100421,410,PT03M25.00S,3,1610612749,MIL,1628960,Allen,G. Allen,0,0,0,,0,,,0,h,SUB: G. Hill FOR Allen,Substitution,,0,0,297
0022100421,411,PT03M25.00S,3,1610612749,MIL,1630572,Mamukelashvili,S. Mamukelashvili,0,0,0,,0,,,0,h,SUB: Portis FOR Mamukelashvili,Substitution,,0,0,298
0022100421,413,PT03M25.00S,3,1610612754,IND,1627747,LeVert,C. LeVert,0,0,0,,0,,,0,v,SUB: Martin FOR LeVert,Substitution,,0,0,299
0022100421,420,PT03M06.00S,3,1610612749,MIL,1626171,Portis,B. Portis,121,-9,12,Made,1,80,79,159,h,Portis 12' Driving Floating Jump Shot (16 PTS) (Antetokounmpo 1 AST),Made Shot,Driving Floating Jump Shot,1,2,300
0022100421,422,PT02M44.00S,3,1610612754,IND,1629103,Martin,K. Martin,-227,-31,0,Made,1,80,82,162,v,Martin 3PT Jump Shot (7 PTS) (Sabonis 5 AST),Made Shot,Jump Shot,1,3,301
0022100421,424,PT02M21.00S,3,1610612749,MIL,201588,Hill,G. Hill,233,69,24,Made,1,83,82,165,h,G. Hill 24' 3PT Jump Shot (5 PTS) (Holiday 11 AST),Made Shot,Jump Shot,1,3,302
0022100421,426,PT02M00.00S,3,1610612749,MIL,203648,Antetokounmpo,T. Antetokounmpo,0,0,0,,0,,,0,h,Antetokounmpo S.FOUL (P2.T2) (J.Capers),Foul,Shooting,1,0,303
0022100421,428,PT02M00.00S,3,1610612754,IND,1627734,Sabonis,D. Sabonis,0,0,0,,0,83,83,166,v,Sabonis Free Throw 1 of 2 (15 PTS),Free Throw,Free Throw 1 of 2,1,0,304
0022100421,429,PT02M00.00S,3,1610612749,MIL,201950,Holiday,J. Holiday,0,0,0,,0,,,0,h,SUB: Smart FOR Holiday,Substitution,,0,0,305
0022100421,431,PT02M00.00S,3,1610612754,IND,1627734,Sabonis,D. Sabonis,0,0,0,,0,83,84,167,v,Sabonis Free Throw 2 of 2 (16 PTS),Free Throw,Free Throw 2 of 2,1,0,306
0022100421,432,PT01M47.00S,3,1610612749,MIL,1626171,Portis,B. Portis,-121,38,13,Made,1,85,84,169,h,Portis 13' Turnaround Fadeaway (18 PTS),Made Shot,Turnaround Fadeaway shot,1,2,307
0022100421,433,PT01M36.00S,3,1610612754,IND,1627763,Brogdon,M. Brogdon,-83,0,8,Missed,1,,,0,v,MISS Brogdon 8' Fadeaway Jumper,Missed Shot,Fadeaway Jump Shot,1,2,308
0022100421,434,PT01M33.00S,3,1610612749,MIL,201588,Hill,G. Hill,0,0,0,,0,,,0,h,G. Hill REBOUND (Off:0 Def:1),Rebound,Unknown,1,0,309
0022100421,435,PT01M18.00S,3,1610612749,MIL,1626171,Portis,B. Portis,105,-4,11,Missed,1,,,0,h,MISS Portis 11' Turnaround Fadeaway Shot,Missed Shot,Turnaround Fadeaway shot,1,2,310
0022100421,436,PT01M14.00S,3,1610612754,IND,1629052,Brissett,O. Brissett,0,0,0,,0,,,0,v,Brissett REBOUND (Off:1 Def:3),Rebound,Unknown,1,0,311
0022100421,437,PT01M10.00S,3,1610612749,MIL,1630606,Smart,J. Smart,0,0,0,,0,,,0,h,Smart S.FOUL (P1.PN) (D.Collins),Foul,Shooting,1,0,312
0022100421,439,PT01M10.00S,3,1610612754,IND,1627763,Brogdon,M. Brogdon,0,0,0,,0,85,85,170,v,Brogdon Free Throw 1 of 2 (12 PTS),Free Throw,Free Throw 1 of 2,1,0,313
0022100421,440,PT01M10.00S,3,1610612754,IND,1627734,Sabonis,D. Sabonis,0,0,0,,0,,,0,v,SUB: Turner FOR Sabonis,Substitution,,0,0,314
0022100421,442,PT01M10.00S,3,1610612754,IND,1627763,Brogdon,M. Brogdon,0,0,0,,0,,,0,v,MISS Brogdon Free Throw 2 of 2,Free Throw,Free Throw 2 of 2,1,0,315
0022100421,443,PT01M07.00S,3,1610612749,MIL,1626171,Portis,B. Portis,0,0,0,,0,,,0,h,Portis REBOUND (Off:2 Def:4),Rebound,Unknown,1,0,316
0022100421,444,PT00M59.60S,3,1610612749,MIL,201588,Hill,G. Hill,0,0,0,,0,,,0,h,G. Hill Bad Pass Turnover (P3.T7),Turnover,Bad Pass,1,0,317
0022100421,444,PT00M59.60S,3,1610612754,IND,1629052,Brissett,O. Brissett,0,0,0,,0,,,0,v,Brissett STEAL (1 STL),,,1,0,318
0022100421,446,PT00M57.60S,3,1610612754,IND,1629052,Brissett,O. Brissett,10,10,1,Made,1,85,87,172,v,Brissett 1' Running Dunk (8 PTS),Made Shot,Running Dunk Shot,1,2,319
0022100421,447,PT00M39.30S,3,1610612749,MIL,203918,Hood,R. Hood,-5,84,8,Missed,1,,,0,h,MISS Hood 8' Driving Floating Jump Shot,Missed Shot,Driving Floating Jump Shot,1,2,320
0022100421,448,PT00M35.60S,3,1610612749,MIL,203918,Hood,R. Hood,0,0,0,,0,,,0,h,Hood REBOUND (Off:1 Def:1),Rebound,Unknown,1,0,321
0022100421,449,PT00M35.60S,3,1610612749,MIL,203918,Hood,R. Hood,0,0,0,Made,1,87,87,174,h,Hood Tip Layup Shot (8 PTS),Made Shot,Tip Layup Shot,1,2,322
0022100421,450,PT00M32.00S,3,1610612754,IND,1627763,Brogdon,M. Brogdon,208,150,26,Missed,1,,,0,v,MISS Brogdon 26' 3PT Pullup Jump Shot,Missed Shot,Pullup Jump shot,1,3,323
0022100421,451,PT00M28.90S,3,1610612749,MIL,203648,Antetokounmpo,T. Antetokounmpo,0,0,0,,0,,,0,h,Antetokounmpo REBOUND (Off:0 Def:2),Rebound,Unknown,1,0,324
0022100421,452,PT00M13.20S,3,1610612749,MIL,201588,Hill,G. Hill,-150,205,25,Missed,1,,,0,h,MISS G. Hill 25' 3PT Step Back Jump Shot,Missed Shot,Step Back Jump shot,1,3,325
0022100421,453,PT00M08.30S,3,1610612749,MIL,201588,Hill,G. Hill,0,0,0,,0,,,0,h,G. Hill REBOUND (Off:1 Def:1),Rebound,Unknown,1,0,326
0022100421,454,PT00M07.60S,3,1610612749,MIL,201588,Hill,G. Hill,0,0,0,,0,,,0,h,G. Hill Out of Bounds - Bad Pass Turnover Turnover (P4.T8),Turnover,Out of Bounds - Bad Pass Turnover,1,0,327
0022100421,455,PT00M02.10S,3,1610612754,IND,1627763,Brogdon,M. Brogdon,-5,4,1,Missed,1,,,0,v,MISS Brogdon 1' Driving Layup,Missed Shot,Driving Layup Shot,1,2,328
0022100421,456,PT00M02.10S,3,1610612754,IND,1629103,Martin,K. Martin,0,0,0,,0,,,0,v,Martin REBOUND (Off:1 Def:1),Rebound,Unknown,1,0,329
0022100421,457,PT00M00.00S,3,1610612754,IND,1629103,Martin,K. Martin,4,57,6,Missed,1,,,0,v,MISS Martin 6' Fadeaway Jumper,Missed Shot,Fadeaway Jump Shot,1,2,330
0022100421,458,PT00M00.00S,3,0,,1610612754,,,0,0,0,,0,,,0,v,Pacers Rebound,Rebound,Unknown,0,0,331
0022100421,459,PT00M00.00S,3,0,,0,,,0,0,0,,0,87,87,174,,End of 3rd Period (9:41 PM EST),period,end,1,0,332
0022100421,466,PT12M00.00S,4,0,,0,,,0,0,0,,0,87,87,174,,Start of 4th Period (9:43 PM EST),period,start,0,0,333
0022100421,467,PT11M40.00S,4,1610612749,MIL,1626171,Portis,B. Portis,-102,38,11,Missed,1,,,0,h,MISS Portis 11' Turnaround Fadeaway Shot,Missed Shot,Turnaround Fadeaway shot,1,2,334
0022100421,468,PT11M37.00S,4,1610612754,IND,1629103,Martin,K. Martin,0,0,0,,0,,,0,v,Martin REBOUND (Off:1 Def:2),Rebound,Unknown,1,0,335
0022100421,469,PT11M21.00S,4,1610612754,IND,202954,Wanamaker,B. Wanamaker,-126,214,25,Missed,1,,,0,v,MISS Wanamaker 25' 3PT Jump Shot,Missed Shot,Jump Shot,1,3,336
0022100421,470,PT11M16.00S,4,1610612749,MIL,1626171,Portis,B. Portis,0,0,0,,0,,,0,h,Portis REBOUND (Off:2 Def:5),Rebound,Unknown,1,0,337
0022100421,471,PT11M00.00S,4,1610612749,MIL,203918,Hood,R. Hood,12,186,19,Missed,1,,,0,h,MISS Hood 19' Pullup Jump Shot,Missed Shot,Pullup Jump shot,1,2,338
0022100421,472,PT10M56.00S,4,1610612754,IND,202954,Wanamaker,B. Wanamaker,0,0,0,,0,,,0,v,Wanamaker REBOUND (Off:1 Def:3),Rebound,Unknown,1,0,339
0022100421,473,PT10M49.00S,4,1610612754,IND,1626167,Turner,M. Turner,5,58,6,Made,1,87,89,176,v,Turner 6' Driving Floating Jump Shot (13 PTS) (Wanamaker 4 AST),Made Shot,Driving Floating Jump Shot,1,2,340
0022100421,475,PT10M28.00S,4,1610612749,MIL,201588,Hill,G. Hill,5,10,1,Made,1,89,89,178,h,G. Hill 1' Driving Layup (7 PTS),Made Shot,Driving Layup Shot,1,2,341
0022100421,477,PT10M16.00S,4,1610612754,IND,1629103,Martin,K. Martin,0,0,0,,0,,,0,v,Martin Bad Pass Turnover (P1.T14),Turnover,Bad Pass,1,0,342
0022100421,477,PT10M16.00S,4,1610612749,MIL,203918,Hood,R. Hood,0,0,0,,0,,,0,h,Hood STEAL (1 STL),,,1,0,343
0022100421,481,PT10M16.00S,4,1610612749,MIL,203918,Hood,R. Hood,0,0,0,,0,,,0,h,SUB: Nwora FOR Hood,Substitution,,0,0,344
0022100421,479,PT10M15.00S,4,1610612754,IND,202954,Wanamaker,B. Wanamaker,0,0,0,,0,,,0,v,Wanamaker Personal Take Foul (P2.T1) (D.Collins),Foul,Personal Take,1,0,345
0022100421,483,PT10M01.00S,4,1610612749,MIL,1626192,Connaughton,P. Connaughton,2,18,2,Made,1,91,89,180,h,Connaughton 2' Driving Floating Jump Shot (12 PTS) (Portis 3 AST),Made Shot,Driving Floating Jump Shot,1,2,346
0022100421,484,PT09M41.00S,4,1610612754,IND,203200,Holiday,J. Holiday,234,52,24,Made,1,91,92,183,v,Holiday 24' 3PT Jump Shot (5 PTS) (Turner 3 AST),Made Shot,Jump Shot,1,3,347
0022100421,487,PT09M17.00S,4,1610612749,MIL,1629670,Nwora,J. Nwora,-123,190,23,Missed,1,,,0,h,MISS Nwora 23' Step Back Jump Shot,Missed Shot,Step Back Jump shot,1,2,348
0022100421,488,PT09M15.00S,4,1610612749,MIL,1626171,Portis,B. Portis,0,0,0,,0,,,0,h,Portis REBOUND (Off:3 Def:5),Rebound,Unknown,1,0,349
0022100421,489,PT09M15.00S,4,1610612754,IND,202954,Wanamaker,B. Wanamaker,0,0,0,,0,,,0,v,Wanamaker S.FOUL (P3.T2) (J.Capers),Foul,Shooting,1,0,350
0022100421,491,PT09M15.00S,4,1610612749,MIL,1626171,Portis,B. Portis,0,0,0,,0,92,92,184,h,Portis Free Throw 1 of 2 (19 PTS),Free Throw,Free Throw 1 of 2,1,0,351
0022100421,492,PT09M15.00S,4,1610612749,MIL,201588,Hill,G. Hill,0,0,0,,0,,,0,h,SUB: Allen FOR G. Hill,Substitution,,0,0,352
0022100421,493,PT09M15.00S,4,1610612749,MIL,1630606,Smart,J. Smart,0,0,0,,0,,,0,h,SUB: Holiday FOR Smart,Substitution,,0,0,353
0022100421,496,PT09M15.00S,4,1610612749,MIL,1626171,Portis,B. Portis,0,0,0,,0,93,92,185,h,Portis Free Throw 2 of 2 (20 PTS),Free Throw,Free Throw 2 of 2,1,0,354
0022100421,497,PT08M53.00S,4,1610612754,IND,1630537,Duarte,C. Duarte,-227,94,25,Missed,1,,,0,v,MISS Duarte 25' 3PT Step Back Jump Shot,Missed Shot,Step Back Jump shot,1,3,355
0022100421,498,PT08M51.00S,4,1610612749,MIL,1628960,Allen,G. Allen,0,0,0,,0,,,0,h,Allen REBOUND (Off:0 Def:3),Rebound,Unknown,1,0,356
0022100421,499,PT08M30.00S,4,1610612749,MIL,201950,Holiday,J. Holiday,-1,75,8,Missed,1,,,0,h,MISS Holiday 8' Turnaround Hook Shot,Missed Shot,Turnaround Hook Shot,1,2,357
0022100421,500,PT08M28.00S,4,1610612749,MIL,201950,Holiday,J. Holiday,0,0,0,,0,,,0,h,Holiday REBOUND (Off:1 Def:1),Rebound,Unknown,1,0,358
0022100421,501,PT08M26.00S,4,1610612749,MIL,1628960,Allen,G. Allen,240,79,25,Missed,1,,,0,h,MISS Allen 25' 3PT Jump Shot,Missed Shot,Jump Shot,1,3,359
0022100421,502,PT08M23.00S,4,1610612754,IND,1626167,Turner,M. Turner,0,0,0,,0,,,0,v,Turner REBOUND (Off:0 Def:4),Rebound,Unknown,1,0,360
0022100421,503,PT08M20.00S,4,1610612754,IND,202954,Wanamaker,B. Wanamaker,0,24,2,Missed,1,,,0,v,MISS Wanamaker 2' Running Layup,Missed Shot,Running Layup Shot,1,2,361
0022100421,503,PT08M20.00S,4,1610612749,MIL,1628960,Allen,G. Allen,0,0,0,,0,,,0,h,Allen BLOCK (1 BLK),,,1,2,362
0022100421,505,PT08M20.00S,4,0,,1610612749,,,0,0,0,,0,,,0,h,BUCKS Rebound,Rebound,Unknown,0,0,363
0022100421,507,PT08M20.00S,4,1610612749,MIL,1626171,Portis,B. Portis,0,0,0,,0,,,0,h,SUB: Antetokounmpo FOR Portis,Substitution,,0,0,364
0022100421,508,PT08M20.00S,4,1610612754,IND,202954,Wanamaker,B. Wanamaker,0,0,0,,0,,,0,v,SUB: LeVert FOR Wanamaker,Substitution,,0,0,365
0022100421,511,PT08M12.00S,4,1610612754,IND,1629103,Martin,K. Martin,0,0,0,,0,,,0,v,Martin P.FOUL (P2.T3) (J.Capers),Foul,Personal,1,0,366
0022100421,513,PT08M12.00S,4,1610612754,IND,1629103,Martin,K. Martin,0,0,0,,0,,,0,v,Martin T.FOUL (P2.T3) (D.Collins),Foul,Technical,1,0,367
0022100421,514,PT08M12.00S,4,1610612749,MIL,1628960,Allen,G. Allen,0,0,0,,0,94,92,186,h,Allen Free Throw Technical (6 PTS),Free Throw,Free Throw Technical,1,0,368
0022100421,515,PT08M12.00S,4,1610612754,IND,1629103,Martin,K. Martin,0,0,0,,0,,,0,v,SUB: Sabonis FOR Martin,Substitution,,0,0,369
0022100421,517,PT07M58.00S,4,1610612749,MIL,1626192,Connaughton,P. Connaughton,145,205,25,Made,1,97,92,189,h,Connaughton 25' 3PT Jump Shot (15 PTS) (Holiday 12 AST),Made Shot,Jump Shot,1,3,370
0022100421,519,PT07M46.00S,4,1610612754,IND,203200,Holiday,J. Holiday,-66,136,15,Missed,1,,,0,v,MISS Holiday 15' Pullup Jump Shot,Missed Shot,Pullup Jump shot,1,2,371
0022100421,520,PT07M45.00S,4,1610612749,MIL,1626192,Connaughton,P. Connaughton,0,0,0,,0,,,0,h,Connaughton REBOUND (Off:0 Def:2),Rebound,Unknown,1,0,372
0022100421,521,PT07M45.00S,4,1610612754,IND,203200,Holiday,J. Holiday,0,0,0,,0,,,0,v,Holiday L.B.FOUL (P2.T4) (J.Capers),Foul,Loose Ball,1,0,373
0022100421,523,PT07M27.00S,4,1610612749,MIL,1629670,Nwora,J. Nwora,49,20,5,Missed,1,,,0,h,MISS Nwora 5' Driving Layup,Missed Shot,Driving Layup Shot,1,2,374
0022100421,523,PT07M27.00S,4,1610612754,IND,1626167,Turner,M. Turner,0,0,0,,0,,,0,v,Turner BLOCK (5 BLK),,,1,2,375
0022100421,524,PT07M24.00S,4,0,,1610612754,,,0,0,0,,0,,,0,v,Pacers Rebound,Rebound,Unknown,0,0,376
0022100421,526,PT07M12.00S,4,1610612754,IND,1630537,Duarte,C. Duarte,229,40,0,Missed,1,,,0,v,MISS Duarte 3PT Step Back Jump Shot,Missed Shot,Step Back Jump shot,1,3,377
0022100421,527,PT07M09.00S,4,1610612754,IND,1626167,Turner,M. Turner,0,0,0,,0,,,0,v,Turner REBOUND (Off:1 Def:4),Rebound,Unknown,1,0,378
0022100421,528,PT07M07.00S,4,1610612754,IND,203200,Holiday,J. Holiday,-113,224,25,Missed,1,,,0,v,MISS Holiday 25' 3PT Pullup Jump Shot,Missed Shot,Pullup Jump shot,1,3,379
0022100421,529,PT07M07.00S,4,1610612749,MIL,201950,Holiday,J. Holiday,0,0,0,,0,,,0,h,Holiday REBOUND (Off:1 Def:2),Rebound,Unknown,1,0,380
0022100421,530,PT06M59.00S,4,1610612749,MIL,1629670,Nwora,J. Nwora,-2,10,1,Made,1,99,92,191,h,Nwora 1' Running Layup (9 PTS) (Holiday 13 AST),Made Shot,Running Layup Shot,1,2,381
0022100421,532,PT06M59.00S,4,0,,1610612754,,,0,0,0,,0,,,0,v,Pacers Timeout: Regular (Reg.4 Short 0),Timeout,Regular,0,0,382
0022100421,533,PT06M59.00S,4,1610612754,IND,203200,Holiday,J. Holiday,0,0,0,,0,,,0,v,SUB: Brogdon FOR Holiday,Substitution,,0,0,383
0022100421,534,PT06M59.00S,4,1610612754,IND,1626167,Turner,M. Turner,0,0,0,,0,,,0,v,SUB: Brissett FOR Turner,Substitution,,0,0,384
0022100421,537,PT06M53.00S,4,1610612749,MIL,203648,Antetokounmpo,T. Antetokounmpo,0,0,0,,0,,,0,h,Antetokounmpo P.FOUL (P3.T1) (J.Capers),Foul,Personal,1,0,385
0022100421,539,PT06M42.00S,4,1610612754,IND,1627747,LeVert,C. LeVert,235,24,24,Missed,1,,,0,v,MISS LeVert 24' 3PT Jump Shot,Missed Shot,Jump Shot,1,3,386
0022100421,540,PT06M36.00S,4,1610612749,MIL,1628960,Allen,G. Allen,0,0,0,,0,,,0,h,Allen REBOUND (Off:0 Def:4),Rebound,Unknown,1,0,387
0022100421,541,PT06M29.00S,4,1610612749,MIL,201950,Holiday,J. Holiday,-11,31,3,Missed,1,,,0,h,MISS Holiday 3' Driving Layup,Missed Shot,Driving Layup Shot,1,2,388
0022100421,542,PT06M25.00S,4,1610612749,MIL,201950,Holiday,J. Holiday,0,0,0,,0,,,0,h,Holiday REBOUND (Off:2 Def:2),Rebound,Unknown,1,0,389
0022100421,543,PT06M24.00S,4,1610612754,IND,1627747,LeVert,C. LeVert,0,0,0,,0,,,0,v,LeVert P.FOUL (P2.PN) (J.Capers),Foul,Personal,1,0,390
0022100421,545,PT06M24.00S,4,1610612749,MIL,1626192,Connaughton,P. Connaughton,0,0,0,,0,100,92,192,h,Connaughton Free Throw 1 of 2 (16 PTS),Free Throw,Free Throw 1 of 2,1,0,391
0022100421,546,PT06M24.00S,4,1610612749,MIL,1626192,Connaughton,P. Connaughton,0,0,0,,0,101,92,193,h,Connaughton Free Throw 2 of 2 (17 PTS),Free Throw,Free Throw 2 of 2,1,0,392
0022100421,547,PT06M06.00S,4,1610612754,IND,1629052,Brissett,O. Brissett,0,0,0,,0,,,0,v,Brissett Out of Bounds Lost Ball Turnover (P1.T15),Turnover,Out of Bounds Lost Ball Turnover,1,0,393
0022100421,548,PT05M48.00S,4,1610612749,MIL,1628960,Allen,G. Allen,-186,230,30,Missed,1,,,0,h,MISS Allen 30' 3PT Jump Shot,Missed Shot,Jump Shot,1,3,394
0022100421,549,PT05M45.00S,4,1610612754,IND,1627763,Brogdon,M. Brogdon,0,0,0,,0,,,0,v,Brogdon REBOUND (Off:0 Def:5),Rebound,Unknown,1,0,395
0022100421,550,PT05M32.00S,4,1610612754,IND,1629052,Brissett,O. Brissett,0,0,0,,0,,,0,v,Brissett Bad Pass Turnover (P2.T16),Turnover,Bad Pass,1,0,396
0022100421,550,PT05M32.00S,4,1610612749,MIL,1629670,Nwora,J. Nwora,0,0,0,,0,,,0,h,Nwora STEAL (3 STL),,,1,0,397
0022100421,552,PT05M14.00S,4,1610612749,MIL,1629670,Nwora,J. Nwora,205,133,24,Missed,1,,,0,h,MISS Nwora 24' 3PT Jump Shot,Missed Shot,Jump Shot,1,3,398
0022100421,553,PT05M11.00S,4,1610612749,MIL,203648,Antetokounmpo,T. Antetokounmpo,0,0,0,,0,,,0,h,Antetokounmpo REBOUND (Off:1 Def:2),Rebound,Unknown,1,0,399
0022100421,554,PT05M09.00S,4,1610612749,MIL,1629670,Nwora,J. Nwora,-1,16,2,Made,1,103,92,195,h,Nwora 2' Cutting Layup Shot (11 PTS) (Antetokounmpo 2 AST),Made Shot,Cutting Layup Shot,1,2,400
0022100421,556,PT05M01.00S,4,1610612754,IND,1627747,LeVert,C. LeVert,0,0,0,,0,,,0,v,LeVert Lost Ball Turnover (P2.T17),Turnover,Lost Ball,1,0,401
0022100421,556,PT05M01.00S,4,1610612749,MIL,201950,Holiday,J. Holiday,0,0,0,,0,,,0,h,Holiday STEAL (1 STL),,,1,0,402
0022100421,558,PT04M56.00S,4,1610612749,MIL,1629670,Nwora,J. Nwora,-2,12,1,Made,1,105,92,197,h,Nwora 1' Running Layup (13 PTS) (Holiday 14 AST),Made Shot,Running Layup Shot,1,2,403
0022100421,560,PT04M56.00S,4,0,,1610612754,,,0,0,0,,0,,,0,v,Pacers Timeout: Regular (Reg.5 Short 0),Timeout,Regular,0,0,404
0022100421,562,PT04M56.00S,4,1610612749,MIL,1628960,Allen,G. Allen,0,0,0,,0,,,0,h,SUB: G. Hill FOR Allen,Substitution,,0,0,405
0022100421,563,PT04M56.00S,4,1610612749,MIL,1626192,Connaughton,P. Connaughton,0,0,0,,0,,,0,h,SUB: Portis FOR Connaughton,Substitution,,0,0,406
0022100421,564,PT04M56.00S,4,1610612754,IND,1630537,Duarte,C. Duarte,0,0,0,,0,,,0,v,SUB: Martin FOR Duarte,Substitution,,0,0,407
0022100421,565,PT04M56.00S,4,1610612754,IND,1629052,Brissett,O. Brissett,0,0,0,,0,,,0,v,SUB: Turner FOR Brissett,Substitution,,0,0,408
0022100421,570,PT04M46.00S,4,1610612754,IND,1626167,Turner,M. Turner,15,255,26,Missed,1,,,0,v,MISS Turner 26' 3PT Jump Shot,Missed Shot,Jump Shot,1,3,409
0022100421,571,PT04M41.00S,4,1610612749,MIL,1629670,Nwora,J. Nwora,0,0,0,,0,,,0,h,Nwora REBOUND (Off:0 Def:5),Rebound,Unknown,1,0,410
0022100421,572,PT04M27.00S,4,1610612749,MIL,201950,Holiday,J. Holiday,2,6,1,Made,1,107,92,199,h,Holiday 1' Driving Reverse Layup (26 PTS),Made Shot,Driving Reverse Layup Shot,1,2,411
0022100421,573,PT04M27.00S,4,1610612754,IND,1626167,Turner,M. Turner,0,0,0,,0,,,0,v,Turner Violation:Defensive Goaltending (J.Capers),Violation,Defensive Goaltending,1,0,412
0022100421,574,PT04M13.00S,4,1610612754,IND,1627734,Sabonis,D. Sabonis,113,-16,11,Missed,1,,,0,v,MISS Sabonis 11' Jump Shot,Missed Shot,Jump Shot,1,2,413
0022100421,575,PT04M08.00S,4,1610612749,MIL,1626171,Portis,B. Portis,0,0,0,,0,,,0,h,Portis REBOUND (Off:3 Def:6),Rebound,Unknown,1,0,414
0022100421,576,PT04M03.00S,4,0,,1610612749,,,0,0,0,,0,,,0,h,BUCKS Timeout: Regular (Full 4 Short 0),Timeout,Regular,0,0,415
0022100421,577,PT04M03.00S,4,1610612749,MIL,1626171,Portis,B. Portis,0,0,0,,0,,,0,h,SUB: Connaughton FOR Portis,Substitution,,0,0,416
0022100421,579,PT03M47.00S,4,1610612749,MIL,1629670,Nwora,J. Nwora,-127,85,15,Made,1,109,92,201,h,Nwora 15' Driving Floating Bank Jump Shot (15 PTS) (G. Hill 3 AST),Made Shot,Driving Floating Bank Jump Shot,1,2,417
0022100421,581,PT03M33.00S,4,1610612749,MIL,201950,Holiday,J. Holiday,0,0,0,,0,,,0,h,Holiday P.FOUL (P1.T2) (J.Capers),Foul,Personal,1,0,418
0022100421,583,PT03M33.00S,4,1610612749,MIL,201950,Holiday,J. Holiday,0,0,0,,0,,,0,h,SUB: Allen FOR Holiday,Substitution,,0,0,419
0022100421,584,PT03M33.00S,4,1610612754,IND,1629103,Martin,K. Martin,0,0,0,,0,,,0,v,SUB: Brissett FOR Martin,Substitution,,0,0,420
0022100421,587,PT03M24.00S,4,1610612754,IND,1626167,Turner,M. Turner,0,0,0,,0,,,0,v,Turner Bad Pass Turnover (P3.T18),Turnover,Bad Pass,1,0,421
0022100421,587,PT03M24.00S,4,1610612749,MIL,203648,Antetokounmpo,T. Antetokounmpo,0,0,0,,0,,,0,h,Antetokounmpo STEAL (2 STL),,,1,0,422
0022100421,589,PT03M16.00S,4,1610612749,MIL,1626192,Connaughton,P. Connaughton,143,205,25,Made,1,112,92,204,h,Connaughton 25' 3PT Jump Shot (20 PTS) (Nwora 1 AST),Made Shot,Jump Shot,1,3,423
0022100421,591,PT03M02.00S,4,1610612754,IND,1627734,Sabonis,D. Sabonis,0,0,0,,0,,,0,v,Sabonis Out of Bounds - Bad Pass Turnover Turnover (P5.T19),Turnover,Out of Bounds - Bad Pass Turnover,1,0,424
0022100421,592,PT03M02.00S,4,0,,1610612749,,,0,0,0,,0,,,0,h,BUCKS Timeout: Regular (Full 5 Short 0),Timeout,Regular,0,0,425
0022100421,593,PT03M02.00S,4,1610612749,MIL,1626192,Connaughton,P. Connaughton,0,0,0,,0,,,0,h,SUB: Smart FOR Connaughton,Substitution,,0,0,426
0022100421,594,PT03M02.00S,4,1610612749,MIL,1628960,Allen,G. Allen,0,0,0,,0,,,0,h,SUB: Mamukelashvili FOR Allen,Substitution,,0,0,427
0022100421,595,PT03M02.00S,4,1610612754,IND,1627763,Brogdon,M. Brogdon,0,0,0,,0,,,0,v,SUB: Wanamaker FOR Brogdon,Substitution,,0,0,428
0022100421,596,PT03M02.00S,4,1610612754,IND,1627734,Sabonis,D. Sabonis,0,0,0,,0,,,0,v,SUB: Martin FOR Sabonis,Substitution,,0,0,429
0022100421,597,PT03M02.00S,4,1610612754,IND,1627747,LeVert,C. LeVert,0,0,0,,0,,,0,v,SUB: Jackson FOR LeVert,Substitution,,0,0,430
0022100421,598,PT03M02.00S,4,1610612754,IND,1626167,Turner,M. Turner,0,0,0,,0,,,0,v,SUB: Lamb FOR Turner,Substitution,,0,0,431
0022100421,605,PT02M45.00S,4,1610612749,MIL,1629670,Nwora,J. Nwora,82,12,8,Missed,1,,,0,h,MISS Nwora 8' Driving Hook Shot,Missed Shot,Driving Hook Shot,1,2,432
0022100421,606,PT02M42.00S,4,1610612754,IND,1630543,Jackson,I. Jackson,0,0,0,,0,,,0,v,Jackson REBOUND (Off:0 Def:1),Rebound,Unknown,1,0,433
0022100421,607,PT02M33.00S,4,1610612754,IND,203087,Lamb,J. Lamb,-232,-15,0,Missed,1,,,0,v,MISS Lamb 3PT Jump Shot,Missed Shot,Jump Shot,1,3,434
0022100421,608,PT02M28.00S,4,1610612749,MIL,1629670,Nwora,J. Nwora,0,0,0,,0,,,0,h,Nwora REBOUND (Off:0 Def:6),Rebound,Unknown,1,0,435
0022100421,609,PT02M06.00S,4,1610612749,MIL,201588,Hill,G. Hill,104,57,12,Missed,1,,,0,h,MISS G. Hill 12' Pullup Jump Shot,Missed Shot,Pullup Jump shot,1,2,436
0022100421,610,PT02M03.00S,4,1610612749,MIL,1630572,Mamukelashvili,S. Mamukelashvili,0,0,0,,0,,,0,h,Mamukelashvili REBOUND (Off:2 Def:2),Rebound,Unknown,1,0,437
0022100421,611,PT02M01.00S,4,1610612749,MIL,1629670,Nwora,J. Nwora,-80,256,27,Missed,1,,,0,h,MISS Nwora 27' 3PT Jump Shot,Missed Shot,Jump Shot,1,3,438
0022100421,612,PT01M58.00S,4,1610612754,IND,1629103,Martin,K. Martin,0,0,0,,0,,,0,v,Martin REBOUND (Off:1 Def:3),Rebound,Unknown,1,0,439
0022100421,613,PT01M55.00S,4,1610612754,IND,1629103,Martin,K. Martin,11,14,2,Made,1,112,94,206,v,Martin 2' Running Layup (9 PTS),Made Shot,Running Layup Shot,1,2,440
0022100421,614,PT01M45.00S,4,1610612754,IND,202954,Wanamaker,B. Wanamaker,0,0,0,,0,,,0,v,Wanamaker S.FOUL (P4.PN) (J.Capers),Foul,Shooting,1,0,441
0022100421,616,PT01M45.00S,4,1610612749,MIL,201588,Hill,G. Hill,0,0,0,,0,113,94,207,h,G. Hill Free Throw 1 of 2 (8 PTS),Free Throw,Free Throw 1 of 2,1,0,442
0022100421,617,PT01M45.00S,4,1610612749,MIL,201588,Hill,G. Hill,0,0,0,,0,114,94,208,h,G. Hill Free Throw 2 of 2 (9 PTS),Free Throw,Free Throw 2 of 2,1,0,443
0022100421,618,PT01M28.00S,4,1610612754,IND,1630543,Jackson,I. Jackson,6,11,1,Missed,1,,,0,v,MISS Jackson 1' Alley Oop Layup,Missed Shot,Alley Oop Layup shot,1,2,444
0022100421,619,PT01M25.00S,4,1610612754,IND,1630543,Jackson,I. Jackson,0,0,0,,0,,,0,v,Jackson REBOUND (Off:1 Def:1),Rebound,Unknown,1,0,445
0022100421,620,PT01M25.00S,4,1610612754,IND,1630543,Jackson,I. Jackson,0,0,0,Made,1,114,96,210,v,Jackson Tip Layup Shot (2 PTS),Made Shot,Tip Layup Shot,1,2,446
0022100421,621,PT01M11.00S,4,1610612749,MIL,203648,Antetokounmpo,T. Antetokounmpo,-7,10,1,Missed,1,,,0,h,MISS Antetokounmpo 1' Driving Dunk,Missed Shot,Driving Dunk Shot,1,2,447
0022100421,622,PT01M08.00S,4,1610612754,IND,1629103,Martin,K. Martin,0,0,0,,0,,,0,v,Martin REBOUND (Off:1 Def:4),Rebound,Unknown,1,0,448
0022100421,623,PT01M00.00S,4,1610612754,IND,203087,Lamb,J. Lamb,163,247,30,Made,1,114,99,213,v,Lamb 30' 3PT Jump Shot (3 PTS) (Wanamaker 5 AST),Made Shot,Jump Shot,1,3,449
0022100421,625,PT00M46.80S,4,1610612749,MIL,1630572,Mamukelashvili,S. Mamukelashvili,219,127,25,Missed,1,,,0,h,MISS Mamukelashvili 25' 3PT Step Back Jump Shot,Missed Shot,Step Back Jump shot,1,3,450
0022100421,626,PT00M43.50S,4,1610612754,IND,1629052,Brissett,O. Brissett,0,0,0,,0,,,0,v,Brissett REBOUND (Off:1 Def:4),Rebound,Unknown,1,0,451
0022100421,627,PT00M35.90S,4,1610612754,IND,1629052,Brissett,O. Brissett,-55,258,26,Missed,1,,,0,v,MISS Brissett 26' 3PT Jump Shot,Missed Shot,Jump Shot,1,3,452
0022100421,628,PT00M32.10S,4,1610612749,MIL,203648,Antetokounmpo,T. Antetokounmpo,0,0,0,,0,,,0,h,Antetokounmpo REBOUND (Off:1 Def:3),Rebound,Unknown,1,0,453
0022100421,629,PT00M10.00S,4,0,,1610612749,,,0,0,0,,0,,,0,h,BUCKS Turnover: Shot Clock (T#9),Turnover,Shot Clock Turnover,0,0,454
0022100421,630,PT00M00.00S,4,0,,0,,,0,0,0,,0,114,99,213,,End of 4th Period (10:11 PM EST),period,end,1,0,455
