gameId,teamId,teamCity,teamName,teamTricode,teamSlug,personIdOff,firstNameOff,familyNameOff,nameIOff,playerSlugOff,positionOff,commentOff,jerseyNumOff,personIdDef,firstNameDef,familyNameDef,nameIDef,playerSlugDef,jerseyNumDef,matchupMinutes,matchupMinutesSort,partialPossessions,percentageDefenderTotalTime,percentageOffensiveTotalTime,percentageTotalTimeBothOn,switchesOn,playerPoints,teamPoints,matchupAssists,matchupPotentialAssists,matchupTurnovers,matchupBlocks,matchupFieldGoalsMade,matchupFieldGoalsAttempted,matchupFieldGoalsPercentage,matchupThreePointersMade,matchupThreePointersAttempted,matchupThreePointersPercentage,helpBlocks,helpFieldGoalsMade,helpFieldGoalsAttempted,helpFieldGoalsPercentage,matchupFreeThrowsMade,matchupFreeThrowsAttempted,shootingFouls
0021700666,1610612757,Portland,Trail Blazers,POR,blazers,202323,Evan,Turner,E. Turner,evan-turner,F,,1,202711,Bojan,Bogdanovic,B. Bogdanovic,bojan-bogdanovic,44,7:35,454.6,37.0,0.73,0.755,0.832,0,2,35,0,0,0,0,1,2,0.5,0,0,0.0,0,0,0,0.0,0,0,0
0021700666,1610612757,Portland,Trail Blazers,POR,blazers,202323,Evan,Turner,E. Turner,evan-turner,F,,1,201954,Darren,Collison,D. Collison,darren-collison,2,0:16,16.4,2.5,0.018,0.027,0.031,0,0,4,1,0,1,0,0,0,0.0,0,0,0.0,0,0,0,0.0,0,0,0
0021700666,1610612757,Portland,Trail Blazers,POR,blazers,202323,Evan,Turner,E. Turner,evan-turner,F,,1,202709,Cory,Joseph,C. Joseph,cory-joseph,6,0:04,3.9,0.4,0.006,0.007,0.048,0,0,2,0,0,0,0,0,0,0.0,0,0,0.0,0,0,0,0.0,0,0,0
0021700666,1610612757,Portland,Trail Blazers,POR,blazers,202323,Evan,Turner,E. Turner,evan-turner,F,,1,1628388,T.J.,Leaf,T. Leaf,tj-leaf,22,0:08,7.8,0.6,0.031,0.013,0.174,0,0,0,0,0,0,0,0,1,0.0,0,0,0.0,0,0,0,0.0,0,0,0
0021700666,1610612757,Portland,Trail Blazers,POR,blazers,202323,Evan,Turner,E. Turner,evan-turner,F,,1,203506,Victor,Oladipo,V. Oladipo,victor-oladipo,4,0:13,13.0,1.5,0.014,0.022,0.025,0,0,2,0,0,0,0,0,0,0.0,0,0,0.0,0,0,0,0.0,0,0,0
0021700666,1610612757,Portland,Trail Blazers,POR,blazers,202323,Evan,Turner,E. Turner,evan-turner,F,,1,1627734,Domantas,Sabonis,D. Sabonis,domantas-sabonis,11,0:29,29.2,3.2,0.035,0.048,0.053,0,0,2,0,0,1,0,0,1,0.0,0,0,0.0,0,0,0,0.0,0,0,0
0021700666,1610612757,Portland,Trail Blazers,POR,blazers,202323,Evan,Turner,E. Turner,evan-turner,F,,1,202362,Lance,Stephenson,L. Stephenson,lance-stephenson,1,0:45,44.9,4.2,0.197,0.075,0.811,0,0,2,0,0,0,0,0,1,0.0,0,0,0.0,0,0,0,0.0,0,0,0
0021700666,1610612757,Portland,Trail Blazers,POR,blazers,202323,Evan,Turner,E. Turner,evan-turner,F,,1,1626202,Joe,Young,J. Young,joe-young,3,0:02,2.0,0.2,0.009,0.003,0.024,0,0,0,0,0,0,0,0,0,0.0,0,0,0.0,0,0,0,0.0,0,0,0
0021700666,1610612757,Portland,Trail Blazers,POR,blazers,202323,Evan,Turner,E. Turner,evan-turner,F,,1,201152,Thaddeus,Young,T. Young,thaddeus-young,21,0:30,29.6,3.1,0.032,0.049,0.053,0,0,4,0,0,0,0,0,1,0.0,0,1,0.0,0,0,0,0.0,0,0,0
0021700666,1610612757,Portland,Trail Blazers,POR,blazers,202329,Al-Farouq,Aminu,A. Aminu,al-farouq-aminu,F,,8,202711,Bojan,Bogdanovic,B. Bogdanovic,bojan-bogdanovic,44,0:23,23.4,1.5,0.038,0.03,0.043,0,0,0,1,0,0,0,0,0,0.0,0,0,0.0,0,0,0,0.0,0,0,0
0021700666,1610612757,Portland,Trail Blazers,POR,blazers,202329,Al-Farouq,Aminu,A. Aminu,al-farouq-aminu,F,,8,201954,Darren,Collison,D. Collison,darren-collison,2,0:51,50.5,4.8,0.055,0.064,0.07,0,3,7,0,0,0,0,1,1,1.0,1,1,1.0,0,0,0,0.0,0,0,0
0021700666,1610612757,Portland,Trail Blazers,POR,blazers,202329,Al-Farouq,Aminu,A. Aminu,al-farouq-aminu,F,,8,2744,Al,Jefferson,A. Jefferson,al-jefferson,25,0:04,4.1,1.3,0.012,0.005,0.278,0,0,0,0,0,0,0,0,0,0.0,0,0,0.0,0,0,0,0.0,0,0,0
0021700666,1610612757,Portland,Trail Blazers,POR,blazers,202329,Al-Farouq,Aminu,A. Aminu,al-farouq-aminu,F,,8,202709,Cory,Joseph,C. Joseph,cory-joseph,6,0:03,3.0,0.3,0.004,0.004,0.011,0,0,0,0,0,0,0,0,0,0.0,0,0,0.0,0,0,0,0.0,0,0,0
0021700666,1610612757,Portland,Trail Blazers,POR,blazers,202329,Al-Farouq,Aminu,A. Aminu,al-farouq-aminu,F,,8,1628388,T.J.,Leaf,T. Leaf,tj-leaf,22,0:12,11.9,1.0,0.046,0.015,0.405,0,0,0,0,0,0,0,0,0,0.0,0,0,0.0,0,0,0,0.0,0,0,0
0021700666,1610612757,Portland,Trail Blazers,POR,blazers,202329,Al-Farouq,Aminu,A. Aminu,al-farouq-aminu,F,,8,203506,Victor,Oladipo,V. Oladipo,victor-oladipo,4,0:29,28.9,2.5,0.032,0.037,0.04,0,0,2,1,0,0,0,0,0,0.0,0,0,0.0,0,0,0,0.0,0,0,0
0021700666,1610612757,Portland,Trail Blazers,POR,blazers,202329,Al-Farouq,Aminu,A. Aminu,al-farouq-aminu,F,,8,1627734,Domantas,Sabonis,D. Sabonis,domantas-sabonis,11,0:41,40.8,3.7,0.049,0.052,0.054,0,0,4,0,0,1,0,0,0,0.0,0,0,0.0,0,0,0,0.0,0,0,0
0021700666,1610612757,Portland,Trail Blazers,POR,blazers,202329,Al-Farouq,Aminu,A. Aminu,al-farouq-aminu,F,,8,1626202,Joe,Young,J. Young,joe-young,3,0:15,15.4,1.5,0.071,0.02,0.232,0,0,3,0,0,0,0,0,0,0.0,0,0,0.0,0,0,0,0.0,0,0,0
0021700666,1610612757,Portland,Trail Blazers,POR,blazers,202329,Al-Farouq,Aminu,A. Aminu,al-farouq-aminu,F,,8,201152,Thaddeus,Young,T. Young,thaddeus-young,21,10:13,613.3,49.0,0.656,0.775,0.805,0,9,47,0,0,1,0,3,10,0.3,1,6,0.167,0,0,0,0.0,2,2,1
0021700666,1610612757,Portland,Trail Blazers,POR,blazers,203994,Jusuf,Nurkić,J. Nurkić,jusuf-nurkić,C,,27,202711,Bojan,Bogdanovic,B. Bogdanovic,bojan-bogdanovic,44,0:34,34.4,4.4,0.055,0.045,0.063,0,2,6,0,0,0,0,1,1,1.0,0,0,0.0,0,0,0,0.0,0,0,0
0021700666,1610612757,Portland,Trail Blazers,POR,blazers,203994,Jusuf,Nurkić,J. Nurkić,jusuf-nurkić,C,,27,201954,Darren,Collison,D. Collison,darren-collison,2,0:41,40.5,3.2,0.044,0.052,0.056,0,5,10,0,0,1,0,2,2,1.0,0,0,0.0,0,0,0,0.0,1,1,1
0021700666,1610612757,Portland,Trail Blazers,POR,blazers,203994,Jusuf,Nurkić,J. Nurkić,jusuf-nurkić,C,,27,2744,Al,Jefferson,A. Jefferson,al-jefferson,25,0:07,7.4,0.7,0.022,0.01,0.496,0,0,2,0,0,0,0,0,0,0.0,0,0,0.0,0,0,0,0.0,0,0,0
0021700666,1610612757,Portland,Trail Blazers,POR,blazers,203994,Jusuf,Nurkić,J. Nurkić,jusuf-nurkić,C,,27,202709,Cory,Joseph,C. Joseph,cory-joseph,6,0:11,11.1,0.8,0.017,0.014,0.044,0,0,3,0,0,0,0,0,0,0.0,0,0,0.0,0,0,0,0.0,0,0,0
0021700666,1610612757,Portland,Trail Blazers,POR,blazers,203994,Jusuf,Nurkić,J. Nurkić,jusuf-nurkić,C,,27,203506,Victor,Oladipo,V. Oladipo,victor-oladipo,4,0:41,40.8,4.5,0.045,0.053,0.056,0,2,7,0,0,0,0,1,1,1.0,0,0,0.0,0,0,0,0.0,0,0,0
0021700666,1610612757,Portland,Trail Blazers,POR,blazers,203994,Jusuf,Nurkić,J. Nurkić,jusuf-nurkić,C,,27,1627734,Domantas,Sabonis,D. Sabonis,domantas-sabonis,11,9:53,592.8,45.2,0.715,0.767,0.782,0,8,34,0,0,1,0,4,9,0.444,0,0,0.0,0,0,0,0.0,0,0,0
0021700666,1610612757,Portland,Trail Blazers,POR,blazers,203994,Jusuf,Nurkić,J. Nurkić,jusuf-nurkić,C,,27,202362,Lance,Stephenson,L. Stephenson,lance-stephenson,1,0:02,2.0,0.2,0.009,0.003,0.093,0,0,0,0,0,0,0,0,0,0.0,0,0,0.0,0,0,0,0.0,0,0,0
0021700666,1610612757,Portland,Trail Blazers,POR,blazers,203994,Jusuf,Nurkić,J. Nurkić,jusuf-nurkić,C,,27,1626202,Joe,Young,J. Young,joe-young,3,0:11,11.2,1.4,0.052,0.014,0.233,0,0,0,0,0,0,0,0,0,0.0,0,0,0.0,0,0,0,0.0,0,0,0
0021700666,1610612757,Portland,Trail Blazers,POR,blazers,203994,Jusuf,Nurkić,J. Nurkić,jusuf-nurkić,C,,27,201152,Thaddeus,Young,T. Young,thaddeus-young,21,0:47,47.1,3.6,0.05,0.061,0.062,0,0,0,0,0,1,0,0,1,0.0,0,0,0.0,0,0,0,0.0,0,0,0
0021700666,1610612757,Portland,Trail Blazers,POR,blazers,203468,CJ,McCollum,C. McCollum,cj-mccollum,G,,3,1628387,Ike,Anigbogu,I. Anigbogu,ike-anigbogu,13,0:09,9.0,1.3,0.482,0.01,0.482,0,0,0,0,0,0,0,0,0,0.0,0,0,0.0,0,0,0,0.0,0,0,0
0021700666,1610612757,Portland,Trail Blazers,POR,blazers,203468,CJ,McCollum,C. McCollum,cj-mccollum,G,,3,202711,Bojan,Bogdanovic,B. Bogdanovic,bojan-bogdanovic,44,0:10,10.4,1.6,0.017,0.012,0.022,0,0,0,0,0,0,0,0,0,0.0,0,0,0.0,0,0,0,0.0,0,0,0
0021700666,1610612757,Portland,Trail Blazers,POR,blazers,203468,CJ,McCollum,C. McCollum,cj-mccollum,G,,3,201954,Darren,Collison,D. Collison,darren-collison,2,0:39,39.2,3.2,0.043,0.044,0.061,0,0,4,0,0,0,0,0,1,0.0,0,0,0.0,0,0,0,0.0,0,0,0
0021700666,1610612757,Portland,Trail Blazers,POR,blazers,203468,CJ,McCollum,C. McCollum,cj-mccollum,G,,3,2744,Al,Jefferson,A. Jefferson,al-jefferson,25,0:10,9.9,0.9,0.029,0.011,0.076,0,0,0,0,0,0,0,0,1,0.0,0,0,0.0,0,0,0,0.0,0,0,0
0021700666,1610612757,Portland,Trail Blazers,POR,blazers,203468,CJ,McCollum,C. McCollum,cj-mccollum,G,,3,202709,Cory,Joseph,C. Joseph,cory-joseph,6,2:08,127.8,11.8,0.191,0.144,0.288,0,6,15,0,0,0,0,2,5,0.4,2,3,0.667,0,0,0,0.0,0,0,0
0021700666,1610612757,Portland,Trail Blazers,POR,blazers,203468,CJ,McCollum,C. McCollum,cj-mccollum,G,,3,1628388,T.J.,Leaf,T. Leaf,tj-leaf,22,0:13,13.2,1.3,0.051,0.015,0.09,0,2,4,0,0,0,0,1,1,1.0,0,0,0.0,0,0,0,0.0,0,0,0
0021700666,1610612757,Portland,Trail Blazers,POR,blazers,203468,CJ,McCollum,C. McCollum,cj-mccollum,G,,3,203506,Victor,Oladipo,V. Oladipo,victor-oladipo,4,10:04,603.8,44.8,0.673,0.682,0.86,0,8,39,1,0,0,1,3,9,0.333,2,6,0.333,0,0,0,0.0,0,0,0
0021700666,1610612757,Portland,Trail Blazers,POR,blazers,203468,CJ,McCollum,C. McCollum,cj-mccollum,G,,3,1627734,Domantas,Sabonis,D. Sabonis,domantas-sabonis,11,0:41,41.4,3.5,0.05,0.047,0.056,0,0,3,1,0,0,0,0,3,0.0,0,1,0.0,0,0,0,0.0,0,0,0
0021700666,1610612757,Portland,Trail Blazers,POR,blazers,203468,CJ,McCollum,C. McCollum,cj-mccollum,G,,3,202362,Lance,Stephenson,L. Stephenson,lance-stephenson,1,0:09,8.5,0.7,0.037,0.01,0.044,0,0,2,0,0,0,0,0,0,0.0,0,0,0.0,0,0,0,0.0,0,0,0
0021700666,1610612757,Portland,Trail Blazers,POR,blazers,203468,CJ,McCollum,C. McCollum,cj-mccollum,G,,3,1626202,Joe,Young,J. Young,joe-young,3,0:14,13.9,1.9,0.064,0.016,0.076,0,0,0,0,0,0,0,0,0,0.0,0,0,0.0,0,0,0,0.0,0,0,0
0021700666,1610612757,Portland,Trail Blazers,POR,blazers,203468,CJ,McCollum,C. McCollum,cj-mccollum,G,,3,201152,Thaddeus,Young,T. Young,thaddeus-young,21,0:12,11.7,1.0,0.013,0.013,0.016,0,0,0,0,0,0,0,0,0,0.0,0,0,0.0,0,0,0,0.0,0,0,0
0021700666,1610612757,Portland,Trail Blazers,POR,blazers,203081,Damian,Lillard,D. Lillard,damian-lillard,G,,0,202711,Bojan,Bogdanovic,B. Bogdanovic,bojan-bogdanovic,44,0:17,16.6,1.4,0.027,0.016,0.028,0,0,2,0,0,0,0,0,0,0.0,0,0,0.0,0,0,0,0.0,0,0,0
0021700666,1610612757,Portland,Trail Blazers,POR,blazers,203081,Damian,Lillard,D. Lillard,damian-lillard,G,,0,201954,Darren,Collison,D. Collison,darren-collison,2,8:26,505.7,38.8,0.551,0.501,0.551,0,8,45,4,0,1,0,2,8,0.25,1,5,0.2,0,0,0,0.0,3,3,1
0021700666,1610612757,Portland,Trail Blazers,POR,blazers,203081,Damian,Lillard,D. Lillard,damian-lillard,G,,0,2744,Al,Jefferson,A. Jefferson,al-jefferson,25,0:37,36.8,3.7,0.108,0.036,0.163,0,10,15,1,0,0,0,4,5,0.8,2,2,1.0,0,0,0,0.0,0,0,0
0021700666,1610612757,Portland,Trail Blazers,POR,blazers,203081,Damian,Lillard,D. Lillard,damian-lillard,G,,0,202709,Cory,Joseph,C. Joseph,cory-joseph,6,5:07,306.5,19.1,0.457,0.304,0.627,0,4,6,2,0,0,0,1,4,0.25,0,1,0.0,0,0,0,0.0,2,2,1
0021700666,1610612757,Portland,Trail Blazers,POR,blazers,203081,Damian,Lillard,D. Lillard,damian-lillard,G,,0,1628388,T.J.,Leaf,T. Leaf,tj-leaf,22,0:10,9.5,0.8,0.037,0.009,0.085,0,0,0,0,0,0,0,0,1,0.0,0,0,0.0,0,0,0,0.0,0,0,0
0021700666,1610612757,Portland,Trail Blazers,POR,blazers,203081,Damian,Lillard,D. Lillard,damian-lillard,G,,0,203506,Victor,Oladipo,V. Oladipo,victor-oladipo,4,0:17,17.1,3.0,0.019,0.017,0.019,0,0,2,0,0,0,0,0,0,0.0,0,0,0.0,0,0,0,0.0,0,0,0
0021700666,1610612757,Portland,Trail Blazers,POR,blazers,203081,Damian,Lillard,D. Lillard,damian-lillard,G,,0,1627734,Domantas,Sabonis,D. Sabonis,domantas-sabonis,11,0:51,50.6,3.8,0.061,0.05,0.065,0,5,10,0,0,1,0,1,4,0.25,0,1,0.0,0,0,0,0.0,3,3,2
0021700666,1610612757,Portland,Trail Blazers,POR,blazers,203081,Damian,Lillard,D. Lillard,damian-lillard,G,,0,1626202,Joe,Young,J. Young,joe-young,3,0:02,1.6,0.6,0.007,0.002,0.045,0,0,3,0,0,0,0,0,0,0.0,0,0,0.0,0,0,0,0.0,0,0,0
0021700666,1610612757,Portland,Trail Blazers,POR,blazers,203081,Damian,Lillard,D. Lillard,damian-lillard,G,,0,201152,Thaddeus,Young,T. Young,thaddeus-young,21,0:57,56.9,5.2,0.061,0.056,0.063,0,4,7,1,0,0,0,2,3,0.667,0,0,0.0,0,0,0,0.0,0,0,0
0021700666,1610612757,Portland,Trail Blazers,POR,blazers,1626192,Pat,Connaughton,P. Connaughton,pat-connaughton,,,5,202711,Bojan,Bogdanovic,B. Bogdanovic,bojan-bogdanovic,44,1:01,61.2,3.3,0.098,0.18,0.802,0,0,7,0,0,0,0,0,0,0.0,0,0,0.0,0,0,0,0.0,0,0,0
0021700666,1610612757,Portland,Trail Blazers,POR,blazers,1626192,Pat,Connaughton,P. Connaughton,pat-connaughton,,,5,201954,Darren,Collison,D. Collison,darren-collison,2,0:07,7.1,0.4,0.008,0.021,0.035,0,0,0,0,0,0,0,0,2,0.0,0,0,0.0,0,0,0,0.0,0,0,0
0021700666,1610612757,Portland,Trail Blazers,POR,blazers,1626192,Pat,Connaughton,P. Connaughton,pat-connaughton,,,5,2744,Al,Jefferson,A. Jefferson,al-jefferson,25,0:13,12.7,0.6,0.037,0.037,0.044,0,0,0,0,0,0,0,0,1,0.0,0,0,0.0,0,0,0,0.0,0,0,0
0021700666,1610612757,Portland,Trail Blazers,POR,blazers,1626192,Pat,Connaughton,P. Connaughton,pat-connaughton,,,5,202709,Cory,Joseph,C. Joseph,cory-joseph,6,0:16,15.8,1.3,0.024,0.047,0.047,0,0,2,0,0,0,0,0,0,0.0,0,0,0.0,0,0,0,0.0,0,0,0
0021700666,1610612757,Portland,Trail Blazers,POR,blazers,1626192,Pat,Connaughton,P. Connaughton,pat-connaughton,,,5,1628388,T.J.,Leaf,T. Leaf,tj-leaf,22,0:11,11.0,2.4,0.043,0.032,0.052,0,0,0,0,0,0,0,0,0,0.0,0,0,0.0,0,0,0,0.0,0,0,0
0021700666,1610612757,Portland,Trail Blazers,POR,blazers,1626192,Pat,Connaughton,P. Connaughton,pat-connaughton,,,5,203506,Victor,Oladipo,V. Oladipo,victor-oladipo,4,1:38,97.5,5.0,0.109,0.286,0.752,0,2,4,0,0,0,0,1,2,0.5,0,0,0.0,0,0,0,0.0,0,0,0
0021700666,1610612757,Portland,Trail Blazers,POR,blazers,1626192,Pat,Connaughton,P. Connaughton,pat-connaughton,,,5,1627816,Alex,Poythress,A. Poythress,alex-poythress,0,0:17,17.4,1.7,0.929,0.051,0.929,0,0,3,0,0,0,0,0,0,0.0,0,0,0.0,0,0,0,0.0,0,0,0
0021700666,1610612757,Portland,Trail Blazers,POR,blazers,1626192,Pat,Connaughton,P. Connaughton,pat-connaughton,,,5,202362,Lance,Stephenson,L. Stephenson,lance-stephenson,1,1:44,104.2,9.8,0.457,0.306,0.891,0,0,10,0,0,0,0,0,1,0.0,0,1,0.0,0,0,0,0.0,0,0,0
0021700666,1610612757,Portland,Trail Blazers,POR,blazers,1626192,Pat,Connaughton,P. Connaughton,pat-connaughton,,,5,1626202,Joe,Young,J. Young,joe-young,3,0:03,2.5,0.2,0.011,0.007,0.018,0,0,0,0,0,0,0,0,0,0.0,0,0,0.0,0,0,0,0.0,0,0,0
0021700666,1610612757,Portland,Trail Blazers,POR,blazers,1626192,Pat,Connaughton,P. Connaughton,pat-connaughton,,,5,201152,Thaddeus,Young,T. Young,thaddeus-young,21,0:07,7.0,0.7,0.007,0.021,0.054,0,0,3,0,0,0,0,0,0,0.0,0,0,0.0,0,0,0,0.0,0,0,0
0021700666,1610612757,Portland,Trail Blazers,POR,blazers,202334,Ed,Davis,E. Davis,ed-davis,,,17,202711,Bojan,Bogdanovic,B. Bogdanovic,bojan-bogdanovic,44,0:12,12.1,1.3,0.019,0.03,0.158,0,0,3,0,0,0,0,0,0,0.0,0,0,0.0,0,0,0,0.0,0,0,0
0021700666,1610612757,Portland,Trail Blazers,POR,blazers,202334,Ed,Davis,E. Davis,ed-davis,,,17,201954,Darren,Collison,D. Collison,darren-collison,2,0:19,19.0,1.0,0.021,0.048,0.099,0,0,7,0,0,0,0,0,0,0.0,0,0,0.0,0,0,0,0.0,0,0,0
0021700666,1610612757,Portland,Trail Blazers,POR,blazers,202334,Ed,Davis,E. Davis,ed-davis,,,17,2744,Al,Jefferson,A. Jefferson,al-jefferson,25,3:40,220.0,15.7,0.646,0.553,0.675,0,4,13,0,0,0,0,2,3,0.667,0,0,0.0,0,0,0,0.0,0,0,0
0021700666,1610612757,Portland,Trail Blazers,POR,blazers,202334,Ed,Davis,E. Davis,ed-davis,,,17,202709,Cory,Joseph,C. Joseph,cory-joseph,6,0:47,47.1,3.9,0.07,0.118,0.118,0,2,10,0,0,0,0,1,1,1.0,0,0,0.0,0,0,0,0.0,0,0,0
0021700666,1610612757,Portland,Trail Blazers,POR,blazers,202334,Ed,Davis,E. Davis,ed-davis,,,17,1628388,T.J.,Leaf,T. Leaf,tj-leaf,22,0:10,9.8,0.9,0.038,0.025,0.044,0,4,4,0,0,0,0,2,2,1.0,0,0,0.0,0,0,0,0.0,0,0,0
0021700666,1610612757,Portland,Trail Blazers,POR,blazers,202334,Ed,Davis,E. Davis,ed-davis,,,17,203506,Victor,Oladipo,V. Oladipo,victor-oladipo,4,0:14,14.0,0.8,0.016,0.035,0.081,0,0,0,0,0,0,0,0,0,0.0,0,0,0.0,0,0,0,0.0,0,0,0
0021700666,1610612757,Portland,Trail Blazers,POR,blazers,202334,Ed,Davis,E. Davis,ed-davis,,,17,1627734,Domantas,Sabonis,D. Sabonis,domantas-sabonis,11,0:56,55.8,2.8,0.067,0.14,0.775,0,0,2,0,0,0,0,0,0,0.0,0,0,0.0,0,0,0,0.0,0,0,0
0021700666,1610612757,Portland,Trail Blazers,POR,blazers,202334,Ed,Davis,E. Davis,ed-davis,,,17,202362,Lance,Stephenson,L. Stephenson,lance-stephenson,1,0:03,2.9,0.1,0.013,0.007,0.014,0,0,0,0,0,0,0,0,0,0.0,0,0,0.0,0,0,0,0.0,0,0,0
0021700666,1610612757,Portland,Trail Blazers,POR,blazers,202334,Ed,Davis,E. Davis,ed-davis,,,17,1626202,Joe,Young,J. Young,joe-young,3,0:22,22.2,2.2,0.102,0.056,0.149,0,4,4,0,0,0,0,2,2,1.0,0,0,0.0,0,0,0,0.0,0,0,0
0021700666,1610612757,Portland,Trail Blazers,POR,blazers,202334,Ed,Davis,E. Davis,ed-davis,,,17,201152,Thaddeus,Young,T. Young,thaddeus-young,21,0:06,5.7,0.2,0.006,0.014,0.033,0,0,2,0,0,0,0,0,0,0.0,0,0,0.0,0,0,0,0.0,0,0,0
0021700666,1610612757,Portland,Trail Blazers,POR,blazers,203894,Shabazz,Napier,S. Napier,shabazz-napier,,,6,202711,Bojan,Bogdanovic,B. Bogdanovic,bojan-bogdanovic,44,0:07,7.0,1.2,0.011,0.01,0.039,0,0,0,0,0,0,0,0,0,0.0,0,0,0.0,0,0,0,0.0,0,0,0
0021700666,1610612757,Portland,Trail Blazers,POR,blazers,203894,Shabazz,Napier,S. Napier,shabazz-napier,,,6,201954,Darren,Collison,D. Collison,darren-collison,2,3:46,226.3,14.4,0.247,0.307,0.489,0,0,4,0,0,0,0,0,2,0.0,0,1,0.0,0,0,0,0.0,0,0,0
0021700666,1610612757,Portland,Trail Blazers,POR,blazers,203894,Shabazz,Napier,S. Napier,shabazz-napier,,,6,2744,Al,Jefferson,A. Jefferson,al-jefferson,25,0:32,32.4,3.3,0.095,0.044,0.099,0,3,7,0,0,0,1,1,5,0.2,1,1,1.0,0,0,0,0.0,0,0,0
0021700666,1610612757,Portland,Trail Blazers,POR,blazers,203894,Shabazz,Napier,S. Napier,shabazz-napier,,,6,202709,Cory,Joseph,C. Joseph,cory-joseph,6,2:06,125.5,8.9,0.187,0.17,0.191,0,0,14,1,0,0,0,0,0,0.0,0,0,0.0,0,0,0,0.0,0,0,0
0021700666,1610612757,Portland,Trail Blazers,POR,blazers,203894,Shabazz,Napier,S. Napier,shabazz-napier,,,6,1628388,T.J.,Leaf,T. Leaf,tj-leaf,22,0:19,18.6,1.8,0.073,0.025,0.073,0,0,3,0,0,0,0,0,0,0.0,0,0,0.0,0,0,0,0.0,0,0,0
0021700666,1610612757,Portland,Trail Blazers,POR,blazers,203894,Shabazz,Napier,S. Napier,shabazz-napier,,,6,203506,Victor,Oladipo,V. Oladipo,victor-oladipo,4,1:08,67.6,5.0,0.075,0.092,0.153,0,3,3,0,0,0,0,1,2,0.5,0,1,0.0,0,0,0,0.0,1,1,1
0021700666,1610612757,Portland,Trail Blazers,POR,blazers,203894,Shabazz,Napier,S. Napier,shabazz-napier,,,6,1627816,Alex,Poythress,A. Poythress,alex-poythress,0,0:01,1.3,0.3,0.071,0.002,0.071,0,0,0,0,0,0,0,0,0,0.0,0,0,0.0,0,0,0,0.0,0,0,0
0021700666,1610612757,Portland,Trail Blazers,POR,blazers,203894,Shabazz,Napier,S. Napier,shabazz-napier,,,6,1627734,Domantas,Sabonis,D. Sabonis,domantas-sabonis,11,0:17,17.0,1.5,0.02,0.023,0.044,0,0,0,0,0,1,0,0,1,0.0,0,0,0.0,0,0,0,0.0,0,0,0
0021700666,1610612757,Portland,Trail Blazers,POR,blazers,203894,Shabazz,Napier,S. Napier,shabazz-napier,,,6,202362,Lance,Stephenson,L. Stephenson,lance-stephenson,1,0:53,53.0,3.4,0.233,0.072,0.233,0,0,3,0,0,0,0,0,1,0.0,0,0,0.0,0,0,0,0.0,0,0,0
0021700666,1610612757,Portland,Trail Blazers,POR,blazers,203894,Shabazz,Napier,S. Napier,shabazz-napier,,,6,1626202,Joe,Young,J. Young,joe-young,3,2:19,138.6,12.6,0.64,0.188,0.64,0,3,10,0,0,0,0,1,1,1.0,1,1,1.0,0,0,0,0.0,0,0,0
0021700666,1610612757,Portland,Trail Blazers,POR,blazers,203894,Shabazz,Napier,S. Napier,shabazz-napier,,,6,201152,Thaddeus,Young,T. Young,thaddeus-young,21,0:30,30.0,1.8,0.032,0.041,0.062,0,2,6,0,0,1,0,1,2,0.5,0,1,0.0,0,0,0,0.0,0,0,0
0021700666,1610612757,Portland,Trail Blazers,POR,blazers,1628380,Zach,Collins,Z. Collins,zach-collins,,,33,1628387,Ike,Anigbogu,I. Anigbogu,ike-anigbogu,13,0:10,9.7,0.7,0.518,0.023,0.518,0,0,3,0,0,0,0,0,0,0.0,0,0,0.0,0,0,0,0.0,0,0,0
0021700666,1610612757,Portland,Trail Blazers,POR,blazers,1628380,Zach,Collins,Z. Collins,zach-collins,,,33,202711,Bojan,Bogdanovic,B. Bogdanovic,bojan-bogdanovic,44,0:03,3.1,0.2,0.005,0.007,0.04,0,0,0,0,0,0,0,0,0,0.0,0,0,0.0,0,0,0,0.0,0,0,0
0021700666,1610612757,Portland,Trail Blazers,POR,blazers,1628380,Zach,Collins,Z. Collins,zach-collins,,,33,201954,Darren,Collison,D. Collison,darren-collison,2,0:12,12.4,0.6,0.014,0.03,0.065,0,0,0,0,0,0,0,0,0,0.0,0,0,0.0,0,0,0,0.0,0,0,0
0021700666,1610612757,Portland,Trail Blazers,POR,blazers,1628380,Zach,Collins,Z. Collins,zach-collins,,,33,2744,Al,Jefferson,A. Jefferson,al-jefferson,25,0:17,17.4,1.5,0.051,0.042,0.053,0,0,2,0,0,0,0,0,0,0.0,0,0,0.0,0,0,0,0.0,0,0,0
0021700666,1610612757,Portland,Trail Blazers,POR,blazers,1628380,Zach,Collins,Z. Collins,zach-collins,,,33,202709,Cory,Joseph,C. Joseph,cory-joseph,6,0:30,30.0,3.5,0.045,0.072,0.072,0,0,4,0,0,0,0,0,0,0.0,0,0,0.0,0,0,0,0.0,0,0,0
0021700666,1610612757,Portland,Trail Blazers,POR,blazers,1628380,Zach,Collins,Z. Collins,zach-collins,,,33,1628388,T.J.,Leaf,T. Leaf,tj-leaf,22,2:55,175.0,13.9,0.681,0.419,0.711,0,2,20,0,0,0,0,1,1,1.0,0,0,0.0,0,0,0,0.0,0,0,0
0021700666,1610612757,Portland,Trail Blazers,POR,blazers,1628380,Zach,Collins,Z. Collins,zach-collins,,,33,203506,Victor,Oladipo,V. Oladipo,victor-oladipo,4,0:15,14.9,0.7,0.017,0.036,0.086,0,0,0,1,0,0,0,0,0,0.0,0,0,0.0,0,0,0,0.0,0,0,0
0021700666,1610612757,Portland,Trail Blazers,POR,blazers,1628380,Zach,Collins,Z. Collins,zach-collins,,,33,1627734,Domantas,Sabonis,D. Sabonis,domantas-sabonis,11,0:02,2.2,0.1,0.003,0.005,0.031,0,0,0,0,0,0,0,0,0,0.0,0,0,0.0,0,0,0,0.0,0,0,0
0021700666,1610612757,Portland,Trail Blazers,POR,blazers,1628380,Zach,Collins,Z. Collins,zach-collins,,,33,202362,Lance,Stephenson,L. Stephenson,lance-stephenson,1,0:12,12.4,1.6,0.055,0.03,0.06,0,0,2,0,0,0,0,0,1,0.0,0,0,0.0,0,0,0,0.0,0,0,0
0021700666,1610612757,Portland,Trail Blazers,POR,blazers,1628380,Zach,Collins,Z. Collins,zach-collins,,,33,1626202,Joe,Young,J. Young,joe-young,3,0:09,9.3,1.0,0.043,0.022,0.055,0,0,2,0,0,0,0,0,0,0.0,0,0,0.0,0,0,0,0.0,0,0,0
0021700666,1610612757,Portland,Trail Blazers,POR,blazers,1628380,Zach,Collins,Z. Collins,zach-collins,,,33,201152,Thaddeus,Young,T. Young,thaddeus-young,21,2:14,133.8,7.2,0.143,0.32,0.772,0,0,2,0,0,0,0,0,0,0.0,0,0,0.0,0,0,0,0.0,0,0,0
0021700666,1610612754,Indiana,Pacers,IND,pacers,202711,Bojan,Bogdanovic,B. Bogdanovic,bojan-bogdanovic,F,,44,202329,Al-Farouq,Aminu,A. Aminu,al-farouq-aminu,8,0:14,13.6,1.0,0.018,0.022,0.024,0,0,5,0,0,0,0,0,0,0.0,0,0,0.0,0,0,0,0.0,0,0,0
0021700666,1610612754,Indiana,Pacers,IND,pacers,202711,Bojan,Bogdanovic,B. Bogdanovic,bojan-bogdanovic,F,,44,1626192,Pat,Connaughton,P. Connaughton,pat-connaughton,5,0:09,8.6,0.6,0.027,0.014,0.2,0,0,0,0,0,0,0,0,0,0.0,0,0,0.0,0,0,0,0.0,0,0,0
0021700666,1610612754,Indiana,Pacers,IND,pacers,202711,Bojan,Bogdanovic,B. Bogdanovic,bojan-bogdanovic,F,,44,203081,Damian,Lillard,D. Lillard,damian-lillard,0,3:02,181.5,12.2,0.203,0.298,0.314,0,2,9,0,0,0,1,1,2,0.5,0,0,0.0,0,0,0,0.0,0,0,0
0021700666,1610612754,Indiana,Pacers,IND,pacers,202711,Bojan,Bogdanovic,B. Bogdanovic,bojan-bogdanovic,F,,44,203468,CJ,McCollum,C. McCollum,cj-mccollum,3,0:28,27.7,2.6,0.033,0.046,0.059,0,0,0,0,0,0,0,0,2,0.0,0,1,0.0,0,0,0,0.0,0,0,0
0021700666,1610612754,Indiana,Pacers,IND,pacers,202711,Bojan,Bogdanovic,B. Bogdanovic,bojan-bogdanovic,F,,44,203894,Shabazz,Napier,S. Napier,shabazz-napier,6,0:04,3.5,0.2,0.006,0.006,0.02,0,0,0,0,0,0,0,0,0,0.0,0,0,0.0,0,0,0,0.0,0,0,0
0021700666,1610612754,Indiana,Pacers,IND,pacers,202711,Bojan,Bogdanovic,B. Bogdanovic,bojan-bogdanovic,F,,44,203994,Jusuf,Nurkić,J. Nurkić,jusuf-nurkić,27,0:25,24.6,2.8,0.033,0.04,0.043,0,5,5,0,0,0,1,2,4,0.5,1,2,0.5,0,0,0,0.0,0,0,0
0021700666,1610612754,Indiana,Pacers,IND,pacers,202711,Bojan,Bogdanovic,B. Bogdanovic,bojan-bogdanovic,F,,44,202323,Evan,Turner,E. Turner,evan-turner,1,5:32,332.2,28.6,0.536,0.546,0.587,0,1,23,0,0,0,0,0,4,0.0,0,1,0.0,0,0,0,0.0,1,2,1
0021700666,1610612754,Indiana,Pacers,IND,pacers,201152,Thaddeus,Young,T. Young,thaddeus-young,F,,21,202329,Al-Farouq,Aminu,A. Aminu,al-farouq-aminu,8,8:30,510.0,44.1,0.679,0.613,0.707,0,4,34,1,0,0,0,2,5,0.4,0,1,0.0,0,0,0,0.0,0,0,0
0021700666,1610612754,Indiana,Pacers,IND,pacers,201152,Thaddeus,Young,T. Young,thaddeus-young,F,,21,1628380,Zach,Collins,Z. Collins,zach-collins,33,1:15,75.1,5.9,0.209,0.09,0.681,0,2,4,0,0,0,0,1,1,1.0,0,0,0.0,0,0,0,0.0,0,0,0
0021700666,1610612754,Indiana,Pacers,IND,pacers,201152,Thaddeus,Young,T. Young,thaddeus-young,F,,21,1626192,Pat,Connaughton,P. Connaughton,pat-connaughton,5,0:07,7.1,0.5,0.022,0.009,0.075,0,0,0,0,0,0,0,0,0,0.0,0,0,0.0,0,0,0,0.0,0,0,0
0021700666,1610612754,Indiana,Pacers,IND,pacers,201152,Thaddeus,Young,T. Young,thaddeus-young,F,,21,202334,Ed,Davis,E. Davis,ed-davis,17,0:15,15.4,0.8,0.044,0.018,0.139,0,0,0,0,0,0,0,0,0,0.0,0,0,0.0,0,0,0,0.0,0,0,0
0021700666,1610612754,Indiana,Pacers,IND,pacers,201152,Thaddeus,Young,T. Young,thaddeus-young,F,,21,203081,Damian,Lillard,D. Lillard,damian-lillard,0,0:42,41.6,4.6,0.047,0.05,0.053,0,0,6,1,0,0,0,0,0,0.0,0,0,0.0,0,0,0,0.0,0,0,0
0021700666,1610612754,Indiana,Pacers,IND,pacers,201152,Thaddeus,Young,T. Young,thaddeus-young,F,,21,203468,CJ,McCollum,C. McCollum,cj-mccollum,3,0:23,22.8,2.6,0.028,0.027,0.034,0,0,3,0,0,0,0,0,2,0.0,0,0,0.0,0,0,0,0.0,0,0,0
0021700666,1610612754,Indiana,Pacers,IND,pacers,201152,Thaddeus,Young,T. Young,thaddeus-young,F,,21,203894,Shabazz,Napier,S. Napier,shabazz-napier,6,1:16,76.2,7.7,0.121,0.092,0.209,0,2,14,1,0,0,0,1,1,1.0,0,0,0.0,0,0,0,0.0,0,0,0
0021700666,1610612754,Indiana,Pacers,IND,pacers,201152,Thaddeus,Young,T. Young,thaddeus-young,F,,21,203994,Jusuf,Nurkić,J. Nurkić,jusuf-nurkić,27,1:14,74.4,4.7,0.101,0.089,0.103,0,2,5,0,0,0,0,1,1,1.0,0,0,0.0,0,0,0,0.0,0,0,0
0021700666,1610612754,Indiana,Pacers,IND,pacers,201152,Thaddeus,Young,T. Young,thaddeus-young,F,,21,202323,Evan,Turner,E. Turner,evan-turner,1,0:20,19.8,1.4,0.032,0.024,0.034,0,0,0,0,0,0,0,0,1,0.0,0,0,0.0,0,0,0,0.0,0,0,0
0021700666,1610612754,Indiana,Pacers,IND,pacers,1627734,Domantas,Sabonis,D. Sabonis,domantas-sabonis,C,,11,202329,Al-Farouq,Aminu,A. Aminu,al-farouq-aminu,8,1:22,82.1,6.5,0.109,0.107,0.114,0,2,11,0,0,0,0,1,1,1.0,0,0,0.0,0,0,0,0.0,0,0,0
0021700666,1610612754,Indiana,Pacers,IND,pacers,1627734,Domantas,Sabonis,D. Sabonis,domantas-sabonis,C,,11,1628380,Zach,Collins,Z. Collins,zach-collins,33,0:04,3.8,0.3,0.01,0.005,0.084,0,0,2,0,0,0,0,0,0,0.0,0,0,0.0,0,0,0,0.0,0,0,0
0021700666,1610612754,Indiana,Pacers,IND,pacers,1627734,Domantas,Sabonis,D. Sabonis,domantas-sabonis,C,,11,1626192,Pat,Connaughton,P. Connaughton,pat-connaughton,5,0:03,2.5,0.1,0.008,0.003,0.082,0,0,0,0,0,0,0,0,0,0.0,0,0,0.0,0,0,0,0.0,0,0,0
0021700666,1610612754,Indiana,Pacers,IND,pacers,1627734,Domantas,Sabonis,D. Sabonis,domantas-sabonis,C,,11,202334,Ed,Davis,E. Davis,ed-davis,17,0:25,24.6,2.9,0.071,0.032,0.548,0,0,0,0,0,0,0,0,0,0.0,0,0,0.0,0,0,0,0.0,0,0,0
0021700666,1610612754,Indiana,Pacers,IND,pacers,1627734,Domantas,Sabonis,D. Sabonis,domantas-sabonis,C,,11,203081,Damian,Lillard,D. Lillard,damian-lillard,0,0:57,57.0,4.1,0.064,0.075,0.08,0,0,11,0,0,0,0,0,2,0.0,0,0,0.0,0,0,0,0.0,0,0,0
0021700666,1610612754,Indiana,Pacers,IND,pacers,1627734,Domantas,Sabonis,D. Sabonis,domantas-sabonis,C,,11,203468,CJ,McCollum,C. McCollum,cj-mccollum,3,0:50,50.2,4.6,0.06,0.066,0.075,0,2,12,0,0,1,0,1,1,1.0,0,0,0.0,0,0,0,0.0,0,0,0
0021700666,1610612754,Indiana,Pacers,IND,pacers,1627734,Domantas,Sabonis,D. Sabonis,domantas-sabonis,C,,11,203894,Shabazz,Napier,S. Napier,shabazz-napier,6,0:37,37.2,3.3,0.059,0.049,0.118,0,0,0,0,0,0,0,0,0,0.0,0,0,0.0,0,0,0,0.0,0,0,0
0021700666,1610612754,Indiana,Pacers,IND,pacers,1627734,Domantas,Sabonis,D. Sabonis,domantas-sabonis,C,,11,203994,Jusuf,Nurkić,J. Nurkić,jusuf-nurkić,27,8:00,479.9,41.4,0.651,0.627,0.666,0,4,18,2,0,2,0,2,6,0.333,0,0,0.0,0,0,0,0.0,0,0,0
0021700666,1610612754,Indiana,Pacers,IND,pacers,1627734,Domantas,Sabonis,D. Sabonis,domantas-sabonis,C,,11,202323,Evan,Turner,E. Turner,evan-turner,1,0:47,47.2,3.8,0.076,0.062,0.082,0,0,7,1,0,0,0,0,0,0.0,0,0,0.0,0,0,0,0.0,0,0,0
0021700666,1610612754,Indiana,Pacers,IND,pacers,203506,Victor,Oladipo,V. Oladipo,victor-oladipo,G,,4,202329,Al-Farouq,Aminu,A. Aminu,al-farouq-aminu,8,0:22,22.4,2.4,0.03,0.028,0.033,0,0,0,0,0,1,0,0,1,0.0,0,0,0.0,0,0,0,0.0,0,0,0
0021700666,1610612754,Indiana,Pacers,IND,pacers,203506,Victor,Oladipo,V. Oladipo,victor-oladipo,G,,4,1628380,Zach,Collins,Z. Collins,zach-collins,33,0:14,13.8,0.7,0.038,0.017,0.113,0,4,4,0,0,0,0,2,2,1.0,0,0,0.0,0,0,0,0.0,0,0,0
0021700666,1610612754,Indiana,Pacers,IND,pacers,203506,Victor,Oladipo,V. Oladipo,victor-oladipo,G,,4,1626192,Pat,Connaughton,P. Connaughton,pat-connaughton,5,0:44,44.3,4.4,0.139,0.055,0.41,0,0,7,1,0,0,0,0,0,0.0,0,0,0.0,0,0,0,0.0,0,0,0
0021700666,1610612754,Indiana,Pacers,IND,pacers,203506,Victor,Oladipo,V. Oladipo,victor-oladipo,G,,4,202334,Ed,Davis,E. Davis,ed-davis,17,0:08,8.0,0.5,0.023,0.01,0.065,0,0,2,0,0,0,0,0,0,0.0,0,0,0.0,0,0,0,0.0,0,0,0
0021700666,1610612754,Indiana,Pacers,IND,pacers,203506,Victor,Oladipo,V. Oladipo,victor-oladipo,G,,4,203081,Damian,Lillard,D. Lillard,damian-lillard,0,0:51,50.6,4.7,0.057,0.063,0.063,0,0,5,0,0,0,0,0,0,0.0,0,0,0.0,0,0,0,0.0,0,0,0
0021700666,1610612754,Indiana,Pacers,IND,pacers,203506,Victor,Oladipo,V. Oladipo,victor-oladipo,G,,4,203468,CJ,McCollum,C. McCollum,cj-mccollum,3,7:32,451.6,38.4,0.544,0.562,0.721,0,12,33,1,0,1,0,4,13,0.308,1,7,0.143,0,0,0,0.0,3,4,2
0021700666,1610612754,Indiana,Pacers,IND,pacers,203506,Victor,Oladipo,V. Oladipo,victor-oladipo,G,,4,203894,Shabazz,Napier,S. Napier,shabazz-napier,6,0:34,34.0,2.7,0.054,0.042,0.101,0,0,0,0,0,0,1,0,2,0.0,0,1,0.0,0,0,0,0.0,0,0,0
0021700666,1610612754,Indiana,Pacers,IND,pacers,203506,Victor,Oladipo,V. Oladipo,victor-oladipo,G,,4,203994,Jusuf,Nurkić,J. Nurkić,jusuf-nurkić,27,0:57,56.5,6.0,0.077,0.07,0.083,0,8,14,1,0,0,1,4,10,0.4,0,2,0.0,0,0,0,0.0,0,0,0
0021700666,1610612754,Indiana,Pacers,IND,pacers,203506,Victor,Oladipo,V. Oladipo,victor-oladipo,G,,4,202323,Evan,Turner,E. Turner,evan-turner,1,1:55,114.5,7.9,0.185,0.143,0.214,0,2,6,0,0,0,0,1,2,0.5,0,1,0.0,0,0,0,0.0,0,0,0
0021700666,1610612754,Indiana,Pacers,IND,pacers,201954,Darren,Collison,D. Collison,darren-collison,G,,2,202329,Al-Farouq,Aminu,A. Aminu,al-farouq-aminu,8,1:24,83.9,6.6,0.112,0.106,0.123,0,0,7,1,0,0,0,0,1,0.0,0,0,0.0,0,0,0,0.0,0,0,0
0021700666,1610612754,Indiana,Pacers,IND,pacers,201954,Darren,Collison,D. Collison,darren-collison,G,,2,1628380,Zach,Collins,Z. Collins,zach-collins,33,0:14,13.8,1.6,0.038,0.018,0.128,0,3,3,0,0,0,1,1,2,0.5,1,2,0.5,0,0,0,0.0,0,0,0
0021700666,1610612754,Indiana,Pacers,IND,pacers,201954,Darren,Collison,D. Collison,darren-collison,G,,2,1626192,Pat,Connaughton,P. Connaughton,pat-connaughton,5,0:17,17.1,1.0,0.054,0.022,0.124,0,0,2,0,0,0,0,0,0,0.0,0,0,0.0,0,0,0,0.0,0,0,0
0021700666,1610612754,Indiana,Pacers,IND,pacers,201954,Darren,Collison,D. Collison,darren-collison,G,,2,202334,Ed,Davis,E. Davis,ed-davis,17,0:10,9.8,0.8,0.028,0.012,0.091,0,5,7,0,0,0,0,2,3,0.667,1,1,1.0,0,0,0,0.0,0,0,0
0021700666,1610612754,Indiana,Pacers,IND,pacers,201954,Darren,Collison,D. Collison,darren-collison,G,,2,203081,Damian,Lillard,D. Lillard,damian-lillard,0,5:43,343.2,28.8,0.384,0.435,0.435,0,3,25,1,0,0,0,1,1,1.0,1,1,1.0,0,0,0,0.0,0,0,0
0021700666,1610612754,Indiana,Pacers,IND,pacers,201954,Darren,Collison,D. Collison,darren-collison,G,,2,203468,CJ,McCollum,C. McCollum,cj-mccollum,3,0:49,49.2,4.4,0.059,0.062,0.085,0,0,2,0,0,0,0,0,0,0.0,0,0,0.0,0,0,0,0.0,0,0,0
0021700666,1610612754,Indiana,Pacers,IND,pacers,201954,Darren,Collison,D. Collison,darren-collison,G,,2,203894,Shabazz,Napier,S. Napier,shabazz-napier,6,2:38,158.4,14.4,0.251,0.201,0.492,0,6,17,1,0,0,1,2,5,0.4,2,2,1.0,0,0,0,0.0,0,0,0
0021700666,1610612754,Indiana,Pacers,IND,pacers,201954,Darren,Collison,D. Collison,darren-collison,G,,2,203994,Jusuf,Nurkić,J. Nurkić,jusuf-nurkić,27,1:09,69.4,5.4,0.094,0.088,0.102,0,6,8,1,0,0,0,3,4,0.75,0,0,0.0,0,0,0,0.0,0,0,0
0021700666,1610612754,Indiana,Pacers,IND,pacers,201954,Darren,Collison,D. Collison,darren-collison,G,,2,202323,Evan,Turner,E. Turner,evan-turner,1,0:49,48.7,3.7,0.079,0.062,0.091,0,3,5,0,0,0,0,1,1,1.0,1,1,1.0,0,0,0,0.0,0,0,0
0021700666,1610612754,Indiana,Pacers,IND,pacers,202709,Cory,Joseph,C. Joseph,cory-joseph,,,6,202329,Al-Farouq,Aminu,A. Aminu,al-farouq-aminu,8,0:06,6.0,0.4,0.008,0.011,0.028,0,0,0,0,0,0,0,0,0,0.0,0,0,0.0,0,0,0,0.0,0,0,0
0021700666,1610612754,Indiana,Pacers,IND,pacers,202709,Cory,Joseph,C. Joseph,cory-joseph,,,6,1628380,Zach,Collins,Z. Collins,zach-collins,33,0:32,32.4,2.5,0.09,0.058,0.09,0,0,0,0,0,0,0,0,1,0.0,0,0,0.0,0,0,0,0.0,0,0,0
0021700666,1610612754,Indiana,Pacers,IND,pacers,202709,Cory,Joseph,C. Joseph,cory-joseph,,,6,1626192,Pat,Connaughton,P. Connaughton,pat-connaughton,5,0:56,55.7,3.8,0.175,0.099,0.175,0,0,7,1,0,0,0,0,0,0.0,0,0,0.0,0,0,0,0.0,0,0,0
0021700666,1610612754,Indiana,Pacers,IND,pacers,202709,Cory,Joseph,C. Joseph,cory-joseph,,,6,202334,Ed,Davis,E. Davis,ed-davis,17,0:07,6.5,0.5,0.019,0.012,0.019,0,0,0,0,0,0,0,0,0,0.0,0,0,0.0,0,0,0,0.0,0,0,0
0021700666,1610612754,Indiana,Pacers,IND,pacers,202709,Cory,Joseph,C. Joseph,cory-joseph,,,6,203081,Damian,Lillard,D. Lillard,damian-lillard,0,2:45,165.0,16.1,0.185,0.294,0.461,0,0,17,0,0,0,0,0,0,0.0,0,0,0.0,0,0,0,0.0,0,0,0
0021700666,1610612754,Indiana,Pacers,IND,pacers,202709,Cory,Joseph,C. Joseph,cory-joseph,,,6,203468,CJ,McCollum,C. McCollum,cj-mccollum,3,1:03,62.7,6.1,0.075,0.112,0.159,0,0,3,1,0,0,0,0,0,0.0,0,0,0.0,0,0,0,0.0,0,2,0
0021700666,1610612754,Indiana,Pacers,IND,pacers,202709,Cory,Joseph,C. Joseph,cory-joseph,,,6,203894,Shabazz,Napier,S. Napier,shabazz-napier,6,3:13,193.2,15.1,0.306,0.344,0.363,0,2,10,0,0,0,0,1,3,0.333,0,1,0.0,0,0,0,0.0,0,0,0
0021700666,1610612754,Indiana,Pacers,IND,pacers,202709,Cory,Joseph,C. Joseph,cory-joseph,,,6,203994,Jusuf,Nurkić,J. Nurkić,jusuf-nurkić,27,0:15,15.2,1.3,0.021,0.027,0.075,0,0,5,1,0,0,0,0,0,0.0,0,0,0.0,0,0,0,0.0,0,0,0
0021700666,1610612754,Indiana,Pacers,IND,pacers,202709,Cory,Joseph,C. Joseph,cory-joseph,,,6,202323,Evan,Turner,E. Turner,evan-turner,1,0:12,12.3,1.4,0.02,0.022,0.146,0,0,0,0,0,0,0,0,0,0.0,0,0,0.0,0,0,0,0.0,0,0,0
0021700666,1610612754,Indiana,Pacers,IND,pacers,2744,Al,Jefferson,A. Jefferson,al-jefferson,,,25,1628380,Zach,Collins,Z. Collins,zach-collins,33,0:05,5.2,0.4,0.014,0.016,0.017,0,0,0,0,0,0,0,0,0,0.0,0,0,0.0,0,0,0,0.0,0,0,0
0021700666,1610612754,Indiana,Pacers,IND,pacers,2744,Al,Jefferson,A. Jefferson,al-jefferson,,,25,1626192,Pat,Connaughton,P. Connaughton,pat-connaughton,5,0:10,9.6,0.7,0.03,0.03,0.035,0,0,0,0,0,0,0,0,1,0.0,0,0,0.0,0,0,0,0.0,0,0,0
0021700666,1610612754,Indiana,Pacers,IND,pacers,2744,Al,Jefferson,A. Jefferson,al-jefferson,,,25,202334,Ed,Davis,E. Davis,ed-davis,17,4:28,268.0,19.4,0.774,0.842,0.889,0,7,20,2,0,0,0,3,5,0.6,0,0,0.0,0,0,0,0.0,1,1,1
0021700666,1610612754,Indiana,Pacers,IND,pacers,2744,Al,Jefferson,A. Jefferson,al-jefferson,,,25,203081,Damian,Lillard,D. Lillard,damian-lillard,0,0:01,1.2,0.1,0.001,0.004,0.007,0,0,0,0,0,0,0,0,0,0.0,0,0,0.0,0,0,0,0.0,0,0,0
0021700666,1610612754,Indiana,Pacers,IND,pacers,2744,Al,Jefferson,A. Jefferson,al-jefferson,,,25,203468,CJ,McCollum,C. McCollum,cj-mccollum,3,0:07,6.6,0.5,0.008,0.021,0.044,0,0,0,0,0,0,0,0,0,0.0,0,0,0.0,0,0,0,0.0,0,0,0
0021700666,1610612754,Indiana,Pacers,IND,pacers,2744,Al,Jefferson,A. Jefferson,al-jefferson,,,25,203894,Shabazz,Napier,S. Napier,shabazz-napier,6,0:21,21.1,1.7,0.033,0.066,0.07,0,2,7,0,0,0,0,1,2,0.5,0,0,0.0,0,0,0,0.0,0,0,0
0021700666,1610612754,Indiana,Pacers,IND,pacers,2744,Al,Jefferson,A. Jefferson,al-jefferson,,,25,203994,Jusuf,Nurkić,J. Nurkić,jusuf-nurkić,27,0:12,12.3,0.7,0.017,0.039,0.738,0,0,0,0,0,0,0,0,0,0.0,0,0,0.0,0,0,0,0.0,0,0,0
0021700666,1610612754,Indiana,Pacers,IND,pacers,2744,Al,Jefferson,A. Jefferson,al-jefferson,,,25,202323,Evan,Turner,E. Turner,evan-turner,1,0:01,1.2,0.1,0.002,0.004,0.028,0,0,0,0,0,0,0,0,0,0.0,0,0,0.0,0,0,0,0.0,0,0,0
0021700666,1610612754,Indiana,Pacers,IND,pacers,202362,Lance,Stephenson,L. Stephenson,lance-stephenson,,,1,1628380,Zach,Collins,Z. Collins,zach-collins,33,0:11,10.5,1.0,0.029,0.04,0.044,0,0,0,0,0,0,0,0,0,0.0,0,0,0.0,0,0,0,0.0,0,0,0
0021700666,1610612754,Indiana,Pacers,IND,pacers,202362,Lance,Stephenson,L. Stephenson,lance-stephenson,,,1,1626192,Pat,Connaughton,P. Connaughton,pat-connaughton,5,2:22,142.3,9.9,0.447,0.537,0.858,0,0,12,1,0,0,0,0,2,0.0,0,1,0.0,0,0,0,0.0,0,0,0
0021700666,1610612754,Indiana,Pacers,IND,pacers,202362,Lance,Stephenson,L. Stephenson,lance-stephenson,,,1,202334,Ed,Davis,E. Davis,ed-davis,17,0:08,8.0,0.6,0.023,0.03,0.033,0,0,0,0,0,0,0,0,1,0.0,0,0,0.0,0,0,0,0.0,0,0,0
0021700666,1610612754,Indiana,Pacers,IND,pacers,202362,Lance,Stephenson,L. Stephenson,lance-stephenson,,,1,203081,Damian,Lillard,D. Lillard,damian-lillard,0,0:26,25.6,1.6,0.029,0.097,0.245,0,0,0,0,0,0,0,0,0,0.0,0,0,0.0,0,0,0,0.0,0,0,0
0021700666,1610612754,Indiana,Pacers,IND,pacers,202362,Lance,Stephenson,L. Stephenson,lance-stephenson,,,1,203468,CJ,McCollum,C. McCollum,cj-mccollum,3,0:03,3.0,0.1,0.004,0.011,0.014,0,0,0,0,0,0,0,0,1,0.0,0,1,0.0,0,0,0,0.0,0,0,0
0021700666,1610612754,Indiana,Pacers,IND,pacers,202362,Lance,Stephenson,L. Stephenson,lance-stephenson,,,1,203894,Shabazz,Napier,S. Napier,shabazz-napier,6,0:27,27.3,2.4,0.043,0.103,0.103,0,0,2,0,0,0,0,0,1,0.0,0,1,0.0,0,0,0,0.0,0,0,0
0021700666,1610612754,Indiana,Pacers,IND,pacers,202362,Lance,Stephenson,L. Stephenson,lance-stephenson,,,1,203994,Jusuf,Nurkić,J. Nurkić,jusuf-nurkić,27,0:03,2.9,0.3,0.004,0.011,0.108,0,0,0,0,0,0,0,0,1,0.0,0,0,0.0,0,0,0,0.0,0,0,0
0021700666,1610612754,Indiana,Pacers,IND,pacers,202362,Lance,Stephenson,L. Stephenson,lance-stephenson,,,1,202323,Evan,Turner,E. Turner,evan-turner,1,0:42,42.4,3.0,0.068,0.16,0.784,0,0,2,0,0,0,0,0,1,0.0,0,0,0.0,0,0,0,0.0,0,0,0
0021700666,1610612754,Indiana,Pacers,IND,pacers,1628388,T.J.,Leaf,T. Leaf,tj-leaf,,,22,202329,Al-Farouq,Aminu,A. Aminu,al-farouq-aminu,8,0:23,23.1,2.0,0.031,0.087,0.771,0,0,0,0,0,0,0,0,0,0.0,0,0,0.0,0,0,0,0.0,0,0,0
0021700666,1610612754,Indiana,Pacers,IND,pacers,1628388,T.J.,Leaf,T. Leaf,tj-leaf,,,22,1628380,Zach,Collins,Z. Collins,zach-collins,33,3:09,189.4,13.7,0.526,0.712,0.758,0,2,16,0,0,0,0,1,2,0.5,0,1,0.0,0,0,0,0.0,0,0,0
0021700666,1610612754,Indiana,Pacers,IND,pacers,1628388,T.J.,Leaf,T. Leaf,tj-leaf,,,22,1626192,Pat,Connaughton,P. Connaughton,pat-connaughton,5,0:02,2.4,0.2,0.008,0.009,0.011,0,0,0,0,0,0,0,0,0,0.0,0,0,0.0,0,0,0,0.0,0,0,0
0021700666,1610612754,Indiana,Pacers,IND,pacers,1628388,T.J.,Leaf,T. Leaf,tj-leaf,,,22,202334,Ed,Davis,E. Davis,ed-davis,17,0:04,4.0,0.3,0.011,0.015,0.017,0,0,0,0,0,0,0,0,0,0.0,0,0,0.0,0,0,0,0.0,0,0,0
0021700666,1610612754,Indiana,Pacers,IND,pacers,1628388,T.J.,Leaf,T. Leaf,tj-leaf,,,22,203894,Shabazz,Napier,S. Napier,shabazz-napier,6,0:47,47.0,3.3,0.074,0.177,0.177,0,0,3,0,0,0,0,0,1,0.0,0,0,0.0,0,0,0,0.0,0,0,0
0021700666,1610612754,Indiana,Pacers,IND,pacers,1628388,T.J.,Leaf,T. Leaf,tj-leaf,,,22,202323,Evan,Turner,E. Turner,evan-turner,1,0:01,1.2,0.1,0.002,0.005,0.028,0,0,0,0,0,0,0,0,0,0.0,0,0,0.0,0,0,0,0.0,0,0,0
0021700666,1610612754,Indiana,Pacers,IND,pacers,1626202,Joe,Young,J. Young,joe-young,,,3,202329,Al-Farouq,Aminu,A. Aminu,al-farouq-aminu,8,0:09,8.6,1.5,0.011,0.034,0.121,0,0,0,0,0,0,0,0,0,0.0,0,0,0.0,0,0,0,0.0,0,0,0
0021700666,1610612754,Indiana,Pacers,IND,pacers,1626202,Joe,Young,J. Young,joe-young,,,3,1628380,Zach,Collins,Z. Collins,zach-collins,33,0:04,3.8,0.3,0.011,0.015,0.02,0,0,0,0,0,0,0,0,0,0.0,0,0,0.0,0,0,0,0.0,0,0,0
0021700666,1610612754,Indiana,Pacers,IND,pacers,1626202,Joe,Young,J. Young,joe-young,,,3,1626192,Pat,Connaughton,P. Connaughton,pat-connaughton,5,0:15,14.8,1.0,0.047,0.059,0.088,0,0,0,0,0,0,0,0,0,0.0,0,0,0.0,0,0,0,0.0,0,0,0
0021700666,1610612754,Indiana,Pacers,IND,pacers,1626202,Joe,Young,J. Young,joe-young,,,3,202334,Ed,Davis,E. Davis,ed-davis,17,0:02,2.2,0.2,0.006,0.009,0.012,0,0,0,0,0,0,0,0,0,0.0,0,0,0.0,0,0,0,0.0,0,0,0
0021700666,1610612754,Indiana,Pacers,IND,pacers,1626202,Joe,Young,J. Young,joe-young,,,3,203081,Damian,Lillard,D. Lillard,damian-lillard,0,0:28,27.8,1.8,0.031,0.111,0.584,0,0,0,0,0,0,0,0,0,0.0,0,0,0.0,0,0,0,0.0,0,0,0
0021700666,1610612754,Indiana,Pacers,IND,pacers,1626202,Joe,Young,J. Young,joe-young,,,3,203468,CJ,McCollum,C. McCollum,cj-mccollum,3,2:37,156.6,11.7,0.189,0.623,0.768,0,2,8,0,0,0,0,1,2,0.5,0,0,0.0,0,0,0,0.0,0,0,0
0021700666,1610612754,Indiana,Pacers,IND,pacers,1626202,Joe,Young,J. Young,joe-young,,,3,203894,Shabazz,Napier,S. Napier,shabazz-napier,6,0:33,32.8,3.1,0.052,0.13,0.13,0,0,3,0,0,1,0,0,0,0.0,0,0,0.0,0,0,0,0.0,0,0,0
0021700666,1610612754,Indiana,Pacers,IND,pacers,1626202,Joe,Young,J. Young,joe-young,,,3,203994,Jusuf,Nurkić,J. Nurkić,jusuf-nurkić,27,0:02,2.2,0.2,0.003,0.009,0.039,0,0,0,0,0,0,0,0,1,0.0,0,0,0.0,0,0,0,0.0,0,0,0
0021700666,1610612754,Indiana,Pacers,IND,pacers,1628387,Ike,Anigbogu,I. Anigbogu,ike-anigbogu,,,13,202329,Al-Farouq,Aminu,A. Aminu,al-farouq-aminu,8,0:02,1.5,0.2,0.002,0.108,0.108,0,0,0,0,0,0,0,0,0,0.0,0,0,0.0,0,0,0,0.0,0,0,0
0021700666,1610612754,Indiana,Pacers,IND,pacers,1628387,Ike,Anigbogu,I. Anigbogu,ike-anigbogu,,,13,1628380,Zach,Collins,Z. Collins,zach-collins,33,0:12,12.2,1.8,0.034,0.892,0.892,0,0,0,0,0,0,0,0,0,0.0,0,0,0.0,0,0,0,0.0,0,0,0
0021700666,1610612754,Indiana,Pacers,IND,pacers,1627816,Alex,Poythress,A. Poythress,alex-poythress,,,0,1626192,Pat,Connaughton,P. Connaughton,pat-connaughton,5,0:14,13.7,2.0,0.043,1.0,1.0,0,0,0,0,0,0,0,0,0,0.0,0,0,0.0,0,0,0,0.0,0,0,0
