gameId,actionNumber,clock,period,teamId,teamTricode,personId,playerName,playerNameI,xLegacy,yLegacy,shotDistance,shotResult,isFieldGoal,scoreHome,scoreAway,pointsTotal,location,description,actionType,subType,videoAvailable,shotValue,actionId
0022101185,2,PT12M00.00S,1,0,,0,,,0,0,0,,0,0,0,0,,Start of 1st Period (8:11 PM EST),period,start,0,0,1
0022101185,4,PT12M00.00S,1,1610612760,OKC,1629676,Roby,I. Roby,0,0,0,,0,,,0,h,Jump Ball Roby vs. Eubanks: Tip to Dunn,Jump Ball,,1,0,2
0022101185,7,PT11M36.00S,1,1610612760,OKC,1630285,Simpson,Z. Simpson,0,0,0,,0,,,0,h,Simpson S.FOUL (P1.T1) (J.Goble),Foul,Shooting,1,0,3
0022101185,9,PT11M36.00S,1,1610612757,POR,1629234,Eubanks,D. Eubanks,0,0,0,,0,0,1,1,v,Eubanks Free Throw 1 of 2 (1 PTS),Free Throw,Free Throw 1 of 2,1,0,4
0022101185,10,PT11M36.00S,1,1610612757,POR,1629234,Eubanks,D. Eubanks,0,0,0,,0,0,2,2,v,Eubanks Free Throw 2 of 2 (2 PTS),Free Throw,Free Throw 2 of 2,1,0,5
0022101185,11,PT11M13.00S,1,1610612760,OKC,1630285,Simpson,Z. Simpson,-28,-1,3,Made,1,2,2,4,h,Simpson 3' Driving Layup (2 PTS),Made Shot,Driving Layup Shot,1,2,6
0022101185,13,PT10M46.00S,1,1610612757,POR,1627739,Dunn,K. Dunn,25,65,7,Missed,1,,,0,v,MISS Dunn 7' Floating Jump Shot,Missed Shot,Floating Jump shot,1,2,7
0022101185,14,PT10M45.00S,1,1610612757,POR,1627739,Dunn,K. Dunn,0,0,0,,0,,,0,v,Dunn REBOUND (Off:1 Def:0),Rebound,Unknown,1,0,8
0022101185,15,PT10M44.00S,1,1610612757,POR,1627739,Dunn,K. Dunn,22,0,2,Made,1,2,4,6,v,Dunn 2' Reverse Layup (2 PTS),Made Shot,Reverse Layup Shot,1,2,9
0022101185,16,PT10M20.00S,1,1610612760,OKC,1630686,Kalaitzakis,B. Kalaitzakis,-37,27,5,Made,1,4,4,8,h,Kalaitzakis 5' Driving Floating Bank Jump Shot (2 PTS),Made Shot,Driving Floating Bank Jump Shot,1,2,10
0022101185,17,PT10M07.00S,1,1610612757,POR,1630535,Brown III,G. Brown III,0,42,4,Made,1,4,6,10,v,Brown III 4' Cutting Layup Shot (2 PTS) (Dunn 1 AST),Made Shot,Cutting Layup Shot,1,2,11
0022101185,19,PT10M07.00S,1,1610612760,OKC,1629658,Hoard,J. Hoard,0,0,0,,0,,,0,h,Hoard S.FOUL (P1.T2) (J.Goble),Foul,Shooting,1,0,12
0022101185,21,PT10M07.00S,1,1610612757,POR,1630535,Brown III,G. Brown III,0,0,0,,0,4,7,11,v,Brown III Free Throw 1 of 1 (3 PTS),Free Throw,Free Throw 1 of 1,1,0,13
0022101185,22,PT09M58.00S,1,1610612760,OKC,1629676,Roby,I. Roby,9,22,2,Made,1,6,7,13,h,Roby 2' Driving Dunk (2 PTS),Made Shot,Driving Dunk Shot,1,2,14
0022101185,23,PT09M42.00S,1,1610612757,POR,1629234,Eubanks,D. Eubanks,-31,39,5,Made,1,6,9,15,v,Eubanks 5' Dunk (4 PTS) (Dunn 2 AST),Made Shot,Dunk Shot,1,2,15
0022101185,25,PT09M26.00S,1,1610612760,OKC,1629676,Roby,I. Roby,70,25,7,Made,1,8,9,17,h,Roby 7' Turnaround Fadeaway Bank Jump Shot (4 PTS) (Krejci 1 AST),Made Shot,Turnaround Fadeaway Bank Jump Shot,1,2,16
0022101185,27,PT09M18.00S,1,1610612760,OKC,1629658,Hoard,J. Hoard,0,0,0,,0,,,0,h,Hoard S.FOUL (P2.T3) (B.Adair),Foul,Shooting,1,0,17
0022101185,29,PT09M18.00S,1,1610612757,POR,1630553,Johnson,K. Johnson,0,0,0,,0,,,0,v,MISS Johnson Free Throw 1 of 2,Free Throw,Free Throw 1 of 2,1,0,18
0022101185,30,PT09M18.00S,1,0,,1610612757,,,0,0,0,,0,,,0,v,Trail Blazers Rebound,Rebound,Normal Rebound,0,0,19
0022101185,31,PT09M18.00S,1,1610612757,POR,1630553,Johnson,K. Johnson,0,0,0,,0,8,10,18,v,Johnson Free Throw 2 of 2 (1 PTS),Free Throw,Free Throw 2 of 2,1,0,20
0022101185,32,PT09M02.00S,1,1610612760,OKC,1629676,Roby,I. Roby,-28,22,4,Missed,1,,,0,h,MISS Roby 4' Layup,Missed Shot,Layup Shot,1,2,21
0022101185,33,PT08M58.00S,1,1610612760,OKC,1629676,Roby,I. Roby,0,0,0,,0,,,0,h,Roby REBOUND (Off:1 Def:0),Rebound,Unknown,1,0,22
0022101185,34,PT08M58.00S,1,1610612760,OKC,1629676,Roby,I. Roby,0,0,0,Missed,1,,,0,h,MISS Roby Putback Layup,Missed Shot,Putback Layup Shot,1,2,23
0022101185,34,PT08M58.00S,1,1610612757,POR,1630553,Johnson,K. Johnson,0,0,0,,0,,,0,v,Johnson BLOCK (1 BLK),,,1,2,24
0022101185,35,PT08M58.00S,1,1610612757,POR,1627739,Dunn,K. Dunn,0,0,0,,0,,,0,v,Dunn REBOUND (Off:1 Def:1),Rebound,Unknown,1,0,25
0022101185,36,PT08M51.00S,1,1610612757,POR,1629234,Eubanks,D. Eubanks,29,23,4,Missed,1,,,0,v,MISS Eubanks 4' Layup,Missed Shot,Layup Shot,1,2,26
0022101185,36,PT08M51.00S,1,1610612760,OKC,1630285,Simpson,Z. Simpson,0,0,0,,0,,,0,h,Simpson BLOCK (1 BLK),,,1,2,27
0022101185,38,PT08M48.00S,1,1610612757,POR,1630535,Brown III,G. Brown III,0,0,0,,0,,,0,v,Brown III REBOUND (Off:1 Def:0),Rebound,Unknown,1,0,28
0022101185,39,PT08M47.00S,1,1610612760,OKC,1629676,Roby,I. Roby,0,0,0,,0,,,0,h,Roby S.FOUL (P1.T4) (A.Nagy),Foul,Shooting,1,0,29
0022101185,41,PT08M47.00S,1,1610612757,POR,1629604,Elleby,C. Elleby,0,0,0,,0,,,0,v,MISS Elleby Free Throw 1 of 2,Free Throw,Free Throw 1 of 2,1,0,30
0022101185,42,PT08M47.00S,1,0,,1610612757,,,0,0,0,,0,,,0,v,Trail Blazers Rebound,Rebound,Normal Rebound,0,0,31
0022101185,43,PT08M47.00S,1,1610612757,POR,1629604,Elleby,C. Elleby,0,0,0,,0,8,11,19,v,Elleby Free Throw 2 of 2 (1 PTS),Free Throw,Free Throw 2 of 2,1,0,32
0022101185,44,PT08M27.00S,1,1610612760,OKC,1629658,Hoard,J. Hoard,22,27,3,Made,1,10,11,21,h,Hoard 3' Dunk (2 PTS) (Roby 1 AST),Made Shot,Dunk Shot,1,2,33
0022101185,46,PT08M13.00S,1,1610612757,POR,1630553,Johnson,K. Johnson,0,0,0,,0,,,0,v,Johnson Lost Ball Turnover (P1.T1),Turnover,Lost Ball,1,0,34
0022101185,46,PT08M13.00S,1,1610612760,OKC,1630249,Krejčí,V. Krejčí,0,0,0,,0,,,0,h,Krejci STEAL (1 STL),,,1,0,35
0022101185,48,PT08M01.00S,1,1610612760,OKC,1630686,Kalaitzakis,B. Kalaitzakis,0,0,0,,0,,,0,h,Kalaitzakis Lost Ball Turnover (P1.T1),Turnover,Lost Ball,1,0,36
0022101185,48,PT08M01.00S,1,1610612757,POR,1630535,Brown III,G. Brown III,0,0,0,,0,,,0,v,Brown III STEAL (1 STL),,,1,0,37
0022101185,50,PT07M53.00S,1,1610612757,POR,1630535,Brown III,G. Brown III,49,8,5,Made,1,10,13,23,v,Brown III 5' Running Layup (5 PTS),Made Shot,Running Layup Shot,1,2,38
0022101185,51,PT07M36.00S,1,1610612760,OKC,1630686,Kalaitzakis,B. Kalaitzakis,-225,32,0,Missed,1,,,0,h,MISS Kalaitzakis 3PT Jump Shot,Missed Shot,Jump Shot,1,3,39
0022101185,53,PT07M35.00S,1,0,,1610612757,,,0,0,0,,0,,,0,v,Trail Blazers Rebound,Rebound,Unknown,0,0,40
0022101185,55,PT07M14.00S,1,1610612757,POR,1630553,Johnson,K. Johnson,92,26,10,Missed,1,,,0,v,MISS Johnson 10' Floating Jump Shot,Missed Shot,Floating Jump shot,1,2,41
0022101185,55,PT07M14.00S,1,1610612760,OKC,1629676,Roby,I. Roby,0,0,0,,0,,,0,h,Roby BLOCK (1 BLK),,,1,2,42
0022101185,57,PT07M13.00S,1,0,,1610612757,,,0,0,0,,0,,,0,v,Trail Blazers Rebound,Rebound,Unknown,0,0,43
0022101185,59,PT07M11.00S,1,1610612757,POR,1630553,Johnson,K. Johnson,210,139,25,Missed,1,,,0,v,MISS Johnson 25' 3PT Jump Shot,Missed Shot,Jump Shot,1,3,44
0022101185,60,PT07M08.00S,1,1610612760,OKC,1629676,Roby,I. Roby,0,0,0,,0,,,0,h,Roby REBOUND (Off:1 Def:1),Rebound,Unknown,1,0,45
0022101185,61,PT06M58.00S,1,1610612760,OKC,1630686,Kalaitzakis,B. Kalaitzakis,0,0,0,,0,,,0,h,Kalaitzakis Out of Bounds Lost Ball Turnover (P2.T2),Turnover,Out of Bounds Lost Ball Turnover,1,0,46
0022101185,62,PT06M58.00S,1,0,,1610612760,,,0,0,0,,0,,,0,h,THUNDER Timeout: Regular (Full 1 Short 0),Timeout,Regular,0,0,47
0022101185,63,PT06M58.00S,1,1610612757,POR,1630553,Johnson,K. Johnson,0,0,0,,0,,,0,v,SUB: McLemore FOR Johnson,Substitution,,0,0,48
0022101185,65,PT06M48.00S,1,1610612757,POR,1629234,Eubanks,D. Eubanks,0,0,0,,0,,,0,v,Eubanks Out of Bounds Lost Ball Turnover (P1.T2),Turnover,Out of Bounds Lost Ball Turnover,0,0,49
0022101185,66,PT06M37.00S,1,1610612757,POR,1630535,Brown III,G. Brown III,0,0,0,,0,,,0,v,Brown III P.FOUL (P1.T1) (J.Goble),Foul,Personal,1,0,50
0022101185,68,PT06M26.00S,1,1610612760,OKC,1630285,Simpson,Z. Simpson,60,83,10,Made,1,12,13,25,h,Simpson 10' Driving Hook Shot (4 PTS),Made Shot,Driving Hook Shot,1,2,51
0022101185,69,PT06M06.00S,1,1610612757,POR,203463,McLemore,B. McLemore,-9,188,19,Missed,1,,,0,v,MISS McLemore 19' Pullup Jump Shot,Missed Shot,Pullup Jump shot,1,2,52
0022101185,70,PT06M03.00S,1,1610612760,OKC,1630249,Krejčí,V. Krejčí,0,0,0,,0,,,0,h,Krejci REBOUND (Off:0 Def:1),Rebound,Unknown,1,0,53
0022101185,71,PT05M55.00S,1,1610612760,OKC,1629676,Roby,I. Roby,16,51,5,Missed,1,,,0,h,MISS Roby 5' Jump Shot,Missed Shot,Jump Shot,1,2,54
0022101185,71,PT05M55.00S,1,1610612757,POR,1630535,Brown III,G. Brown III,0,0,0,,0,,,0,v,Brown III BLOCK (1 BLK),,,1,2,55
0022101185,73,PT05M55.00S,1,0,,1610612757,,,0,0,0,,0,,,0,v,Trail Blazers Rebound,Rebound,Unknown,0,0,56
0022101185,74,PT05M55.00S,1,1610612760,OKC,1629676,Roby,I. Roby,0,0,0,,0,,,0,h,Roby L.B.FOUL (P2.PN) (B.Adair),Foul,Loose Ball,1,0,57
0022101185,76,PT05M55.00S,1,1610612757,POR,1629604,Elleby,C. Elleby,0,0,0,,0,12,14,26,v,Elleby Free Throw 1 of 2 (2 PTS),Free Throw,Free Throw 1 of 2,1,0,58
0022101185,77,PT05M55.00S,1,1610612757,POR,1630535,Brown III,G. Brown III,0,0,0,,0,,,0,v,SUB: Blevins FOR Brown III,Substitution,,0,0,59
0022101185,79,PT05M55.00S,1,1610612757,POR,1629604,Elleby,C. Elleby,0,0,0,,0,12,15,27,v,Elleby Free Throw 2 of 2 (3 PTS),Free Throw,Free Throw 2 of 2,1,0,60
0022101185,80,PT05M43.00S,1,1610612760,OKC,1629658,Hoard,J. Hoard,0,0,0,,0,,,0,h,Hoard Lost Ball Turnover (P1.T3),Turnover,Lost Ball,1,0,61
0022101185,80,PT05M43.00S,1,1610612757,POR,1629833,Blevins,K. Blevins,0,0,0,,0,,,0,v,Blevins STEAL (1 STL),,,1,0,62
0022101185,82,PT05M38.00S,1,1610612757,POR,1627739,Dunn,K. Dunn,-168,16,17,Missed,1,,,0,v,MISS Dunn 17' Jump Shot,Missed Shot,Jump Shot,1,2,63
0022101185,83,PT05M33.00S,1,1610612760,OKC,1629676,Roby,I. Roby,0,0,0,,0,,,0,h,Roby REBOUND (Off:1 Def:2),Rebound,Unknown,1,0,64
0022101185,84,PT05M29.00S,1,1610612757,POR,203463,McLemore,B. McLemore,0,0,0,,0,,,0,v,McLemore S.FOUL (P1.T2) (B.Adair),Foul,Shooting,1,0,65
0022101185,86,PT05M29.00S,1,1610612760,OKC,1629676,Roby,I. Roby,0,0,0,,0,,,0,h,MISS Roby Free Throw 1 of 2,Free Throw,Free Throw 1 of 2,1,0,66
0022101185,87,PT05M29.00S,1,0,,1610612760,,,0,0,0,,0,,,0,h,THUNDER Rebound,Rebound,Normal Rebound,0,0,67
0022101185,88,PT05M29.00S,1,1610612760,OKC,1629676,Roby,I. Roby,0,0,0,,0,13,15,28,h,Roby Free Throw 2 of 2 (5 PTS),Free Throw,Free Throw 2 of 2,1,0,68
0022101185,89,PT05M18.00S,1,1610612757,POR,1627739,Dunn,K. Dunn,-40,32,5,Missed,1,,,0,v,MISS Dunn 5' Driving Layup,Missed Shot,Driving Layup Shot,1,2,69
0022101185,90,PT05M16.00S,1,1610612760,OKC,1630285,Simpson,Z. Simpson,0,0,0,,0,,,0,h,Simpson REBOUND (Off:0 Def:1),Rebound,Unknown,1,0,70
0022101185,91,PT05M09.00S,1,1610612760,OKC,1630686,Kalaitzakis,B. Kalaitzakis,0,0,0,,0,,,0,h,Kalaitzakis Bad Pass Turnover (P3.T4),Turnover,Bad Pass,1,0,71
0022101185,91,PT05M09.00S,1,1610612757,POR,1629833,Blevins,K. Blevins,0,0,0,,0,,,0,v,Blevins STEAL (2 STL),,,1,0,72
0022101185,93,PT05M01.00S,1,1610612757,POR,1629604,Elleby,C. Elleby,-227,0,0,Made,1,13,18,31,v,Elleby 3PT Jump Shot (6 PTS) (McLemore 1 AST),Made Shot,Jump Shot,1,3,73
0022101185,95,PT04M49.00S,1,1610612757,POR,1629833,Blevins,K. Blevins,0,0,0,,0,,,0,v,Blevins P.FOUL (P1.T3) (B.Adair),Foul,Personal,1,0,74
0022101185,97,PT04M49.00S,1,1610612757,POR,1629604,Elleby,C. Elleby,0,0,0,,0,,,0,v,SUB: Louzada FOR Elleby,Substitution,,0,0,75
0022101185,99,PT04M34.00S,1,1610612760,OKC,1630249,Krejčí,V. Krejčí,-23,19,3,Made,1,15,18,33,h,Krejci 3' Cutting Layup Shot (2 PTS) (Hoard 1 AST),Made Shot,Cutting Layup Shot,1,2,76
0022101185,101,PT04M26.00S,1,1610612757,POR,1629833,Blevins,K. Blevins,0,0,0,,0,,,0,v,Blevins Bad Pass Turnover (P1.T3),Turnover,Bad Pass,1,0,77
0022101185,101,PT04M26.00S,1,1610612760,OKC,1629658,Hoard,J. Hoard,0,0,0,,0,,,0,h,Hoard STEAL (1 STL),,,1,0,78
0022101185,103,PT04M26.00S,1,1610612757,POR,1629234,Eubanks,D. Eubanks,0,0,0,,0,,,0,v,Eubanks P.FOUL (P1.T4) (A.Nagy),Foul,Personal,1,0,79
0022101185,105,PT04M26.00S,1,1610612760,OKC,1630285,Simpson,Z. Simpson,0,0,0,,0,,,0,h,SUB: Waters III FOR Simpson,Substitution,,0,0,80
0022101185,106,PT04M26.00S,1,1610612760,OKC,1630249,Krejčí,V. Krejčí,0,0,0,,0,,,0,h,SUB: Sarr FOR Krejci,Substitution,,0,0,81
0022101185,110,PT04M02.00S,1,1610612760,OKC,1630846,Sarr,O. Sarr,0,0,0,,0,,,0,h,Sarr Out of Bounds Lost Ball Turnover (P1.T5),Turnover,Out of Bounds Lost Ball Turnover,1,0,82
0022101185,111,PT03M55.00S,1,1610612757,POR,1629712,Louzada,D. Louzada,-189,163,25,Made,1,15,21,36,v,Louzada 25' 3PT Jump Shot (3 PTS) (Dunn 3 AST),Made Shot,Jump Shot,1,3,83
0022101185,113,PT03M41.00S,1,1610612760,OKC,1630322,Waters III,L. Waters III,-210,132,25,Made,1,18,21,39,h,Waters III 25' 3PT Jump Shot (3 PTS) (Hoard 2 AST),Made Shot,Jump Shot,1,3,84
0022101185,115,PT03M18.00S,1,1610612757,POR,1629833,Blevins,K. Blevins,32,52,6,Missed,1,,,0,v,MISS Blevins 6' Driving Layup,Missed Shot,Driving Layup Shot,1,2,85
0022101185,116,PT03M16.00S,1,1610612760,OKC,1629658,Hoard,J. Hoard,0,0,0,,0,,,0,h,Hoard REBOUND (Off:0 Def:1),Rebound,Unknown,1,0,86
0022101185,117,PT03M08.00S,1,1610612760,OKC,1629676,Roby,I. Roby,-32,48,6,Missed,1,,,0,h,MISS Roby 6' Driving Floating Jump Shot,Missed Shot,Driving Floating Jump Shot,1,2,87
0022101185,118,PT03M04.00S,1,1610612760,OKC,1629658,Hoard,J. Hoard,0,0,0,,0,,,0,h,Hoard REBOUND (Off:1 Def:1),Rebound,Unknown,1,0,88
0022101185,119,PT03M04.00S,1,1610612760,OKC,1629658,Hoard,J. Hoard,0,0,0,Made,1,20,21,41,h,Hoard Tip Layup Shot (4 PTS),Made Shot,Tip Layup Shot,1,2,89
0022101185,120,PT02M57.00S,1,1610612757,POR,1627739,Dunn,K. Dunn,0,0,0,,0,,,0,v,Dunn Lost Ball Turnover (P1.T4),Turnover,Lost Ball,1,0,90
0022101185,120,PT02M57.00S,1,1610612760,OKC,1630322,Waters III,L. Waters III,0,0,0,,0,,,0,h,Waters III STEAL (1 STL),,,1,0,91
0022101185,122,PT02M53.00S,1,1610612760,OKC,1630322,Waters III,L. Waters III,-150,208,26,Made,1,23,21,44,h,Waters III 26' 3PT Running Pull-Up Jump Shot (6 PTS),Made Shot,Running Pull-Up Jump Shot,1,3,92
0022101185,123,PT02M36.00S,1,1610612757,POR,203463,McLemore,B. McLemore,-107,167,20,Made,1,23,23,46,v,McLemore 20' Jump Shot (2 PTS) (Dunn 4 AST),Made Shot,Jump Shot,1,2,93
0022101185,125,PT02M21.00S,1,1610612760,OKC,1630322,Waters III,L. Waters III,-225,-20,0,Missed,1,,,0,h,MISS Waters III 3PT Jump Shot,Missed Shot,Jump Shot,1,3,94
0022101185,126,PT02M19.00S,1,1610612757,POR,1627739,Dunn,K. Dunn,0,0,0,,0,,,0,v,Dunn REBOUND (Off:1 Def:2),Rebound,Unknown,1,0,95
0022101185,127,PT02M13.00S,1,1610612757,POR,1627739,Dunn,K. Dunn,-50,117,13,Made,1,23,25,48,v,Dunn 13' Pullup Jump Shot (4 PTS),Made Shot,Pullup Jump shot,1,2,96
0022101185,128,PT02M04.00S,1,0,,1610612760,,,0,0,0,,0,,,0,h,THUNDER Timeout: Regular (Full 2 Short 0),Timeout,Regular,0,0,97
0022101185,129,PT02M04.00S,1,1610612757,POR,1627739,Dunn,K. Dunn,0,0,0,,0,,,0,v,SUB: Perry FOR Dunn,Substitution,,0,0,98
0022101185,130,PT02M04.00S,1,1610612757,POR,1629234,Eubanks,D. Eubanks,0,0,0,,0,,,0,v,SUB: Johnson FOR Eubanks,Substitution,,0,0,99
0022101185,133,PT01M56.00S,1,1610612757,POR,1629617,Perry,R. Perry,0,0,0,,0,,,0,v,Perry S.FOUL (P1.PN) (A.Nagy),Foul,Shooting,1,0,100
0022101185,135,PT01M56.00S,1,1610612760,OKC,1630846,Sarr,O. Sarr,0,0,0,,0,24,25,49,h,Sarr Free Throw 1 of 2 (1 PTS),Free Throw,Free Throw 1 of 2,1,0,101
0022101185,136,PT01M56.00S,1,1610612760,OKC,1630846,Sarr,O. Sarr,0,0,0,,0,25,25,50,h,Sarr Free Throw 2 of 2 (2 PTS),Free Throw,Free Throw 2 of 2,1,0,102
0022101185,137,PT01M45.00S,1,1610612757,POR,1629617,Perry,R. Perry,0,0,0,,0,,,0,v,Perry Lost Ball Turnover (P1.T5),Turnover,Lost Ball,1,0,103
0022101185,137,PT01M45.00S,1,1610612760,OKC,1629658,Hoard,J. Hoard,0,0,0,,0,,,0,h,Hoard STEAL (2 STL),,,1,0,104
0022101185,139,PT01M42.00S,1,1610612757,POR,203463,McLemore,B. McLemore,0,0,0,,0,,,0,v,McLemore S.FOUL (P2.PN) (B.Adair),Foul,Shooting,1,0,105
0022101185,141,PT01M42.00S,1,1610612760,OKC,1630322,Waters III,L. Waters III,0,0,0,,0,26,25,51,h,Waters III Free Throw 1 of 2 (7 PTS),Free Throw,Free Throw 1 of 2,1,0,106
0022101185,142,PT01M42.00S,1,1610612760,OKC,1630322,Waters III,L. Waters III,0,0,0,,0,27,25,52,h,Waters III Free Throw 2 of 2 (8 PTS),Free Throw,Free Throw 2 of 2,1,0,107
0022101185,143,PT01M29.00S,1,1610612757,POR,203463,McLemore,B. McLemore,50,214,22,Made,1,27,27,54,v,McLemore 22' Pullup Jump Shot (4 PTS) (Perry 1 AST),Made Shot,Pullup Jump shot,1,2,108
0022101185,145,PT01M12.00S,1,1610612760,OKC,1629658,Hoard,J. Hoard,-55,10,6,Made,1,29,27,56,h,Hoard 6' Turnaround Jump Shot (6 PTS),Made Shot,Turnaround Jump Shot,1,2,109
0022101185,146,PT00M53.70S,1,1610612757,POR,1629617,Perry,R. Perry,38,18,4,Missed,1,,,0,v,MISS Perry 4' Layup,Missed Shot,Layup Shot,1,2,110
0022101185,146,PT00M53.70S,1,1610612760,OKC,1630846,Sarr,O. Sarr,0,0,0,,0,,,0,h,Sarr BLOCK (1 BLK),,,1,2,111
0022101185,148,PT00M52.20S,1,1610612760,OKC,1630846,Sarr,O. Sarr,0,0,0,,0,,,0,h,Sarr REBOUND (Off:0 Def:1),Rebound,Unknown,1,0,112
0022101185,149,PT00M37.20S,1,1610612760,OKC,1630686,Kalaitzakis,B. Kalaitzakis,0,0,0,,0,,,0,h,Kalaitzakis Lost Ball Turnover (P4.T6),Turnover,Lost Ball,1,0,113
0022101185,149,PT00M37.20S,1,1610612757,POR,203463,McLemore,B. McLemore,0,0,0,,0,,,0,v,McLemore STEAL (1 STL),,,1,0,114
0022101185,151,PT00M32.80S,1,1610612757,POR,1629712,Louzada,D. Louzada,34,33,5,Missed,1,,,0,v,MISS Louzada 5' Running Layup,Missed Shot,Running Layup Shot,1,2,115
0022101185,151,PT00M32.80S,1,1610612760,OKC,1629676,Roby,I. Roby,0,0,0,,0,,,0,h,Roby BLOCK (2 BLK),,,1,2,116
0022101185,153,PT00M30.10S,1,1610612760,OKC,1630322,Waters III,L. Waters III,0,0,0,,0,,,0,h,Waters III REBOUND (Off:0 Def:1),Rebound,Unknown,1,0,117
0022101185,154,PT00M21.40S,1,1610612760,OKC,1630846,Sarr,O. Sarr,-227,-21,0,Missed,1,,,0,h,MISS Sarr 3PT Jump Shot,Missed Shot,Jump Shot,1,3,118
0022101185,155,PT00M17.90S,1,1610612757,POR,203463,McLemore,B. McLemore,0,0,0,,0,,,0,v,McLemore REBOUND (Off:0 Def:1),Rebound,Unknown,1,0,119
0022101185,156,PT00M01.90S,1,1610612757,POR,203463,McLemore,B. McLemore,-83,249,26,Missed,1,,,0,v,MISS McLemore 26' 3PT Jump Shot,Missed Shot,Jump Shot,1,3,120
0022101185,157,PT00M01.90S,1,1610612760,OKC,1629658,Hoard,J. Hoard,0,0,0,,0,,,0,h,Hoard REBOUND (Off:1 Def:2),Rebound,Unknown,1,0,121
0022101185,158,PT00M00.00S,1,0,,0,,,0,0,0,,0,29,27,56,,End of 1st Period (8:38 PM EST),period,end,1,0,122
0022101185,167,PT12M00.00S,2,0,,0,,,0,0,0,,0,29,27,56,,Start of 2nd Period (8:41 PM EST),period,start,0,0,123
0022101185,168,PT11M41.00S,2,1610612760,OKC,1630249,Krejčí,V. Krejčí,-32,180,18,Made,1,31,27,58,h,Krejci 18' Step Back Jump Shot (4 PTS),Made Shot,Step Back Jump shot,1,2,124
0022101185,169,PT11M18.00S,2,1610612757,POR,1629617,Perry,R. Perry,-29,16,3,Made,1,31,29,60,v,Perry 3' Driving Dunk (2 PTS) (Brown III 1 AST),Made Shot,Driving Dunk Shot,1,2,125
0022101185,171,PT10M56.00S,2,1610612760,OKC,1629658,Hoard,J. Hoard,-45,47,7,Missed,1,,,0,h,MISS Hoard 7' Driving Layup,Missed Shot,Driving Layup Shot,1,2,126
0022101185,171,PT10M56.00S,2,1610612757,POR,1629604,Elleby,C. Elleby,0,0,0,,0,,,0,v,Elleby BLOCK (1 BLK),,,1,2,127
0022101185,173,PT10M53.00S,2,1610612757,POR,1629604,Elleby,C. Elleby,0,0,0,,0,,,0,v,Elleby REBOUND (Off:0 Def:1),Rebound,Unknown,1,0,128
0022101185,174,PT10M42.00S,2,1610612757,POR,1630553,Johnson,K. Johnson,140,217,26,Made,1,31,32,63,v,Johnson 26' 3PT Jump Shot (4 PTS) (Perry 2 AST),Made Shot,Jump Shot,1,3,129
0022101185,176,PT10M26.00S,2,1610612760,OKC,1629658,Hoard,J. Hoard,-232,84,25,Missed,1,,,0,h,MISS Hoard 25' 3PT Jump Shot,Missed Shot,Jump Shot,1,3,130
0022101185,177,PT10M22.00S,2,1610612757,POR,1630535,Brown III,G. Brown III,0,0,0,,0,,,0,v,Brown III REBOUND (Off:1 Def:1),Rebound,Unknown,1,0,131
0022101185,179,PT10M20.00S,2,1610612757,POR,1630535,Brown III,G. Brown III,-10,13,2,Made,1,31,34,65,v,Brown III 2' Running Layup (7 PTS),Made Shot,Running Layup Shot,1,2,132
0022101185,191,PT10M20.00S,2,1610612760,OKC,1629658,Hoard,J. Hoard,0,0,0,,0,,,0,h,Hoard Violation:Defensive Goaltending (A.Nagy),Violation,Defensive Goaltending,1,0,133
0022101185,180,PT10M20.00S,2,1610612760,OKC,1630686,Kalaitzakis,B. Kalaitzakis,0,0,0,,0,,,0,h,Kalaitzakis S.FOUL (P1.T1) (B.Adair),Foul,Shooting,1,0,134
0022101185,182,PT10M20.00S,2,1610612757,POR,1630535,Brown III,G. Brown III,0,0,0,,0,31,35,66,v,Brown III Free Throw 1 of 1 (8 PTS),Free Throw,Free Throw 1 of 1,1,0,135
0022101185,183,PT10M09.00S,2,1610612760,OKC,1630686,Kalaitzakis,B. Kalaitzakis,234,55,24,Missed,1,,,0,h,MISS Kalaitzakis 24' 3PT Jump Shot,Missed Shot,Jump Shot,1,3,136
0022101185,184,PT10M05.00S,2,1610612757,POR,1629617,Perry,R. Perry,0,0,0,,0,,,0,v,Perry REBOUND (Off:0 Def:1),Rebound,Unknown,1,0,137
0022101185,185,PT09M56.00S,2,1610612757,POR,203463,McLemore,B. McLemore,127,241,27,Missed,1,,,0,v,MISS McLemore 27' 3PT Jump Shot,Missed Shot,Jump Shot,1,3,138
0022101185,186,PT09M53.00S,2,1610612757,POR,1629604,Elleby,C. Elleby,0,0,0,,0,,,0,v,Elleby REBOUND (Off:1 Def:1),Rebound,Unknown,1,0,139
0022101185,187,PT09M51.00S,2,1610612757,POR,1629617,Perry,R. Perry,127,239,27,Missed,1,,,0,v,MISS Perry 27' 3PT Jump Shot,Missed Shot,Jump Shot,1,3,140
0022101185,188,PT09M50.00S,2,1610612760,OKC,1630846,Sarr,O. Sarr,0,0,0,,0,,,0,h,Sarr REBOUND (Off:0 Def:2),Rebound,Unknown,1,0,141
0022101185,189,PT09M44.00S,2,1610612760,OKC,1630249,Krejčí,V. Krejčí,-229,83,24,Missed,1,,,0,h,MISS Krejci 24' 3PT Jump Shot,Missed Shot,Jump Shot,1,3,142
0022101185,190,PT09M40.00S,2,1610612760,OKC,1629658,Hoard,J. Hoard,0,0,0,,0,,,0,h,Hoard REBOUND (Off:2 Def:2),Rebound,Unknown,1,0,143
0022101185,192,PT09M40.00S,2,1610612757,POR,1630553,Johnson,K. Johnson,0,0,0,,0,,,0,v,Johnson S.FOUL (P1.T1) (B.Adair),Foul,Shooting,1,0,144
0022101185,194,PT09M40.00S,2,1610612760,OKC,1629658,Hoard,J. Hoard,0,0,0,,0,,,0,h,MISS Hoard Free Throw 1 of 2,Free Throw,Free Throw 1 of 2,1,0,145
0022101185,195,PT09M40.00S,2,0,,1610612760,,,0,0,0,,0,,,0,h,THUNDER Rebound,Rebound,Normal Rebound,0,0,146
0022101185,196,PT09M40.00S,2,1610612760,OKC,1629658,Hoard,J. Hoard,0,0,0,,0,,,0,h,MISS Hoard Free Throw 2 of 2,Free Throw,Free Throw 2 of 2,1,0,147
0022101185,197,PT09M38.00S,2,1610612757,POR,1629617,Perry,R. Perry,0,0,0,,0,,,0,v,Perry REBOUND (Off:0 Def:2),Rebound,Unknown,1,0,148
0022101185,198,PT09M24.00S,2,1610612757,POR,203463,McLemore,B. McLemore,0,0,0,,0,,,0,v,McLemore Traveling Turnover (P1.T6),Turnover,Traveling,1,0,149
0022101185,199,PT09M08.00S,2,1610612760,OKC,1630249,Krejčí,V. Krejčí,0,0,0,,0,,,0,h,Krejci Bad Pass Turnover (P1.T7),Turnover,Bad Pass,1,0,150
0022101185,199,PT09M08.00S,2,1610612757,POR,1629617,Perry,R. Perry,0,0,0,,0,,,0,v,Perry STEAL (1 STL),,,1,0,151
0022101185,201,PT09M03.00S,2,1610612757,POR,1630535,Brown III,G. Brown III,-27,23,4,Made,1,31,37,68,v,Brown III 4' Cutting Layup Shot (10 PTS) (Johnson 1 AST),Made Shot,Cutting Layup Shot,1,2,152
0022101185,203,PT08M48.00S,2,1610612757,POR,1630535,Brown III,G. Brown III,0,0,0,,0,,,0,v,Brown III S.FOUL (P2.T2) (J.Goble),Foul,Shooting,1,0,153
0022101185,205,PT08M48.00S,2,1610612760,OKC,1630686,Kalaitzakis,B. Kalaitzakis,0,0,0,,0,,,0,h,MISS Kalaitzakis Free Throw 1 of 2,Free Throw,Free Throw 1 of 2,1,0,154
0022101185,206,PT08M48.00S,2,0,,1610612760,,,0,0,0,,0,,,0,h,THUNDER Rebound,Rebound,Normal Rebound,0,0,155
0022101185,207,PT08M48.00S,2,1610612757,POR,1629604,Elleby,C. Elleby,0,0,0,,0,,,0,v,SUB: Hughes FOR Elleby,Substitution,,0,0,156
0022101185,209,PT08M48.00S,2,1610612760,OKC,1630686,Kalaitzakis,B. Kalaitzakis,0,0,0,,0,32,37,69,h,Kalaitzakis Free Throw 2 of 2 (3 PTS),Free Throw,Free Throw 2 of 2,1,0,157
0022101185,210,PT08M35.00S,2,1610612757,POR,1630553,Johnson,K. Johnson,0,0,0,,0,,,0,v,Johnson Bad Pass Turnover (P2.T7),Turnover,Bad Pass,1,0,158
0022101185,210,PT08M35.00S,2,1610612760,OKC,1630686,Kalaitzakis,B. Kalaitzakis,0,0,0,,0,,,0,h,Kalaitzakis STEAL (1 STL),,,1,0,159
0022101185,212,PT08M32.00S,2,1610612760,OKC,1630686,Kalaitzakis,B. Kalaitzakis,-22,9,2,Made,1,34,37,71,h,Kalaitzakis 2' Running Dunk (5 PTS),Made Shot,Running Dunk Shot,1,2,160
0022101185,213,PT08M16.00S,2,1610612757,POR,1629617,Perry,R. Perry,-5,137,14,Missed,1,,,0,v,MISS Perry 14' Floating Jump Shot,Missed Shot,Floating Jump shot,1,2,161
0022101185,214,PT08M13.00S,2,1610612760,OKC,1629658,Hoard,J. Hoard,0,0,0,,0,,,0,h,Hoard REBOUND (Off:2 Def:3),Rebound,Unknown,1,0,162
0022101185,215,PT08M08.00S,2,1610612757,POR,1630190,Hughes,E. Hughes,0,0,0,,0,,,0,v,Hughes P.FOUL (P1.T3) (A.Nagy),Foul,Personal,1,0,163
0022101185,217,PT07M56.00S,2,1610612760,OKC,1630686,Kalaitzakis,B. Kalaitzakis,229,56,24,Missed,1,,,0,h,MISS Kalaitzakis 24' 3PT Jump Shot,Missed Shot,Jump Shot,1,3,164
0022101185,218,PT07M53.00S,2,1610612757,POR,1630553,Johnson,K. Johnson,0,0,0,,0,,,0,v,Johnson REBOUND (Off:0 Def:1),Rebound,Unknown,1,0,165
0022101185,219,PT07M44.00S,2,1610612757,POR,1630553,Johnson,K. Johnson,82,251,26,Made,1,34,40,74,v,Johnson 26' 3PT Jump Shot (7 PTS) (Perry 3 AST),Made Shot,Jump Shot,1,3,166
0022101185,221,PT07M27.00S,2,1610612760,OKC,1630249,Krejčí,V. Krejčí,-183,184,26,Missed,1,,,0,h,MISS Krejci 26' 3PT Jump Shot,Missed Shot,Jump Shot,1,3,167
0022101185,222,PT07M23.00S,2,1610612757,POR,1629617,Perry,R. Perry,0,0,0,,0,,,0,v,Perry REBOUND (Off:0 Def:3),Rebound,Unknown,1,0,168
0022101185,254,PT07M13.00S,2,1610612757,POR,1630535,Brown III,G. Brown III,-5,15,2,Missed,1,,,0,v,MISS Brown III 2' Layup,Missed Shot,Layup Shot,1,2,169
0022101185,254,PT07M13.00S,2,1610612760,OKC,1630249,Krejčí,V. Krejčí,0,0,0,,0,,,0,h,Krejci BLOCK (1 BLK),,,1,2,170
0022101185,256,PT07M11.00S,2,1610612760,OKC,1630846,Sarr,O. Sarr,0,0,0,,0,,,0,h,Sarr REBOUND (Off:0 Def:3),Rebound,Unknown,1,0,171
0022101185,225,PT07M07.00S,2,1610612760,OKC,1629658,Hoard,J. Hoard,27,30,4,Made,1,36,40,76,h,Hoard 4' Running Dunk (8 PTS) (Sarr 1 AST),Made Shot,Running Dunk Shot,1,2,172
0022101185,227,PT07M07.00S,2,0,,1610612757,,,0,0,0,,0,,,0,v,Trail Blazers Timeout: Regular (Reg.1 Short 0),Timeout,Regular,0,0,173
0022101185,228,PT07M07.00S,2,1610612760,OKC,1630686,Kalaitzakis,B. Kalaitzakis,0,0,0,,0,,,0,h,SUB: Roby FOR Kalaitzakis,Substitution,,0,0,174
0022101185,229,PT07M07.00S,2,1610612757,POR,1629617,Perry,R. Perry,0,0,0,,0,,,0,v,SUB: Dunn FOR Perry,Substitution,,0,0,175
0022101185,230,PT07M07.00S,2,1610612757,POR,1630535,Brown III,G. Brown III,0,0,0,,0,,,0,v,SUB: Blevins FOR Brown III,Substitution,,0,0,176
0022101185,231,PT07M07.00S,2,1610612757,POR,1630553,Johnson,K. Johnson,0,0,0,,0,,,0,v,SUB: Eubanks FOR Johnson,Substitution,,0,0,177
0022101185,232,PT07M07.00S,2,1610612757,POR,203463,McLemore,B. McLemore,0,0,0,,0,,,0,v,SUB: Louzada FOR McLemore,Substitution,,0,0,178
0022101185,239,PT06M52.00S,2,1610612757,POR,1630190,Hughes,E. Hughes,221,116,25,Missed,1,,,0,v,MISS Hughes 25' 3PT Jump Shot,Missed Shot,Jump Shot,1,3,179
0022101185,240,PT06M49.00S,2,1610612757,POR,1627739,Dunn,K. Dunn,0,0,0,,0,,,0,v,Dunn REBOUND (Off:2 Def:2),Rebound,Unknown,1,0,180
0022101185,241,PT06M46.00S,2,1610612757,POR,1629712,Louzada,D. Louzada,-194,185,27,Missed,1,,,0,v,MISS Louzada 27' 3PT Jump Shot,Missed Shot,Jump Shot,1,3,181
0022101185,242,PT06M46.00S,2,1610612760,OKC,1629658,Hoard,J. Hoard,0,0,0,,0,,,0,h,Hoard REBOUND (Off:2 Def:4),Rebound,Unknown,1,0,182
0022101185,243,PT06M22.00S,2,1610612760,OKC,1630285,Simpson,Z. Simpson,-39,15,4,Missed,1,,,0,h,MISS Simpson 4' Driving Layup,Missed Shot,Driving Layup Shot,1,2,183
0022101185,244,PT06M18.00S,2,1610612760,OKC,1630846,Sarr,O. Sarr,0,0,0,,0,,,0,h,Sarr REBOUND (Off:1 Def:3),Rebound,Unknown,1,0,184
0022101185,245,PT06M18.00S,2,1610612760,OKC,1630846,Sarr,O. Sarr,0,0,0,Made,1,38,40,78,h,Sarr Tip Layup Shot (4 PTS),Made Shot,Tip Layup Shot,1,2,185
0022101185,246,PT06M01.00S,2,1610612757,POR,1629712,Louzada,D. Louzada,27,48,6,Missed,1,,,0,v,MISS Louzada 6' Layup,Missed Shot,Layup Shot,1,2,186
0022101185,246,PT06M01.00S,2,1610612760,OKC,1630846,Sarr,O. Sarr,0,0,0,,0,,,0,h,Sarr BLOCK (2 BLK),,,1,2,187
0022101185,248,PT05M59.00S,2,1610612757,POR,1629833,Blevins,K. Blevins,0,0,0,,0,,,0,v,Blevins REBOUND (Off:1 Def:0),Rebound,Unknown,1,0,188
0022101185,249,PT05M57.00S,2,1610612757,POR,1630190,Hughes,E. Hughes,-170,205,27,Made,1,38,43,81,v,Hughes 27' 3PT Jump Shot (3 PTS) (Blevins 1 AST),Made Shot,Jump Shot,1,3,189
0022101185,251,PT05M31.00S,2,0,,1610612760,,,0,0,0,,0,,,0,h,THUNDER Turnover: Shot Clock (T#8),Turnover,Shot Clock Turnover,0,0,190
0022101185,252,PT05M31.00S,2,1610612760,OKC,1629658,Hoard,J. Hoard,0,0,0,,0,,,0,h,SUB: Kalaitzakis FOR Hoard,Substitution,,0,0,191
0022101185,257,PT05M16.00S,2,1610612757,POR,1627739,Dunn,K. Dunn,40,64,8,Missed,1,,,0,v,MISS Dunn 8' Floating Jump Shot,Missed Shot,Floating Jump shot,1,2,192
0022101185,258,PT05M15.00S,2,0,,1610612760,,,0,0,0,,0,,,0,h,THUNDER Rebound,Rebound,Unknown,0,0,193
0022101185,259,PT05M15.00S,2,1610612757,POR,1629234,Eubanks,D. Eubanks,0,0,0,,0,,,0,v,Eubanks L.B.FOUL (P2.T4) (A.Nagy),Foul,Loose Ball,1,0,194
0022101185,261,PT05M04.00S,2,1610612760,OKC,1630686,Kalaitzakis,B. Kalaitzakis,0,0,0,,0,,,0,h,Kalaitzakis Out of Bounds Lost Ball Turnover (P5.T9),Turnover,Out of Bounds Lost Ball Turnover,0,0,195
0022101185,262,PT04M50.00S,2,1610612757,POR,1630190,Hughes,E. Hughes,227,59,0,Missed,1,,,0,v,MISS Hughes 3PT Jump Shot,Missed Shot,Jump Shot,1,3,196
0022101185,263,PT04M46.00S,2,1610612760,OKC,1630249,Krejčí,V. Krejčí,0,0,0,,0,,,0,h,Krejci REBOUND (Off:0 Def:2),Rebound,Unknown,1,0,197
0022101185,264,PT04M45.00S,2,1610612757,POR,1629833,Blevins,K. Blevins,0,0,0,,0,,,0,v,Blevins S.FOUL (P2.PN) (J.Goble),Foul,Shooting,1,0,198
0022101185,266,PT04M45.00S,2,1610612760,OKC,1630686,Kalaitzakis,B. Kalaitzakis,0,0,0,,0,,,0,h,MISS Kalaitzakis Free Throw 1 of 2,Free Throw,Free Throw 1 of 2,1,0,199
0022101185,267,PT04M45.00S,2,0,,1610612760,,,0,0,0,,0,,,0,h,THUNDER Rebound,Rebound,Normal Rebound,0,0,200
0022101185,268,PT04M45.00S,2,1610612760,OKC,1630686,Kalaitzakis,B. Kalaitzakis,0,0,0,,0,,,0,h,MISS Kalaitzakis Free Throw 2 of 2,Free Throw,Free Throw 2 of 2,1,0,201
0022101185,269,PT04M40.00S,2,1610612757,POR,1629712,Louzada,D. Louzada,0,0,0,,0,,,0,v,Louzada REBOUND (Off:0 Def:1),Rebound,Unknown,1,0,202
0022101185,270,PT04M30.00S,2,1610612757,POR,1629833,Blevins,K. Blevins,192,184,27,Made,1,38,46,84,v,Blevins 27' 3PT Jump Shot (3 PTS) (Hughes 1 AST),Made Shot,Jump Shot,1,3,203
0022101185,272,PT04M15.00S,2,1610612760,OKC,1630249,Krejčí,V. Krejčí,-25,24,3,Made,1,40,46,86,h,Krejci 3' Driving Layup (6 PTS),Made Shot,Driving Layup Shot,1,2,204
0022101185,273,PT03M50.00S,2,1610612757,POR,1629712,Louzada,D. Louzada,142,141,20,Made,1,40,48,88,v,Louzada 20' Pullup Jump Shot (5 PTS),Made Shot,Pullup Jump shot,1,2,205
0022101185,274,PT03M28.00S,2,1610612760,OKC,1629676,Roby,I. Roby,-238,-6,24,Missed,1,,,0,h,MISS Roby 24' 3PT Jump Shot,Missed Shot,Jump Shot,1,3,206
0022101185,275,PT03M23.00S,2,1610612757,POR,1629833,Blevins,K. Blevins,0,0,0,,0,,,0,v,Blevins REBOUND (Off:1 Def:1),Rebound,Unknown,1,0,207
0022101185,276,PT03M20.00S,2,1610612757,POR,1629833,Blevins,K. Blevins,-151,236,28,Missed,1,,,0,v,MISS Blevins 28' 3PT Jump Shot,Missed Shot,Jump Shot,1,3,208
0022101185,277,PT03M15.00S,2,1610612760,OKC,1629676,Roby,I. Roby,0,0,0,,0,,,0,h,Roby REBOUND (Off:1 Def:3),Rebound,Unknown,1,0,209
0022101185,278,PT03M12.00S,2,1610612760,OKC,1629676,Roby,I. Roby,0,0,0,,0,,,0,h,Roby Bad Pass Turnover (P1.T10),Turnover,Bad Pass,1,0,210
0022101185,278,PT03M12.00S,2,1610612757,POR,1627739,Dunn,K. Dunn,0,0,0,,0,,,0,v,Dunn STEAL (1 STL),,,1,0,211
0022101185,280,PT03M07.00S,2,1610612757,POR,1627739,Dunn,K. Dunn,49,34,6,Missed,1,,,0,v,MISS Dunn 6' Running Layup,Missed Shot,Running Layup Shot,1,2,212
0022101185,280,PT03M07.00S,2,1610612760,OKC,1630686,Kalaitzakis,B. Kalaitzakis,0,0,0,,0,,,0,h,Kalaitzakis BLOCK (1 BLK),,,1,2,213
0022101185,282,PT03M06.00S,2,1610612757,POR,1630190,Hughes,E. Hughes,0,0,0,,0,,,0,v,Hughes REBOUND (Off:1 Def:0),Rebound,Unknown,1,0,214
0022101185,283,PT03M06.00S,2,1610612757,POR,1630190,Hughes,E. Hughes,-5,36,4,Made,1,40,50,90,v,Hughes 4' Putback Layup (5 PTS),Made Shot,Putback Layup Shot,1,2,215
0022101185,284,PT03M06.00S,2,0,,1610612760,,,0,0,0,,0,,,0,h,THUNDER Timeout: Regular (Full 3 Short 0),Timeout,Regular,0,0,216
0022101185,285,PT03M06.00S,2,1610612760,OKC,1630846,Sarr,O. Sarr,0,0,0,,0,,,0,h,SUB: Hoard FOR Sarr,Substitution,,0,0,217
0022101185,287,PT03M04.00S,2,1610612760,OKC,1630686,Kalaitzakis,B. Kalaitzakis,0,0,0,,0,,,0,h,Kalaitzakis Bad Pass Turnover (P6.T11),Turnover,Bad Pass,1,0,218
0022101185,287,PT03M04.00S,2,1610612757,POR,1629234,Eubanks,D. Eubanks,0,0,0,,0,,,0,v,Eubanks STEAL (1 STL),,,1,0,219
0022101185,289,PT03M01.00S,2,1610612757,POR,1629833,Blevins,K. Blevins,0,0,0,,0,,,0,v,Blevins Lost Ball Turnover (P2.T8),Turnover,Lost Ball,1,0,220
0022101185,289,PT03M01.00S,2,1610612760,OKC,1630249,Krejčí,V. Krejčí,0,0,0,,0,,,0,h,Krejci STEAL (2 STL),,,1,0,221
0022101185,293,PT02M39.00S,2,1610612760,OKC,1630249,Krejčí,V. Krejčí,22,6,2,Made,1,42,50,92,h,Krejci 2' Layup (8 PTS),Made Shot,Layup Shot,1,2,222
0022101185,296,PT02M16.00S,2,1610612757,POR,1629234,Eubanks,D. Eubanks,0,0,0,,0,,,0,v,Eubanks 3 Second Violation Turnover (P2.T9),Turnover,3 Second Violation,1,0,223
0022101185,297,PT02M06.00S,2,1610612760,OKC,1629676,Roby,I. Roby,65,58,9,Missed,1,,,0,h,MISS Roby 9' Turnaround Jump Shot,Missed Shot,Turnaround Jump Shot,1,2,224
0022101185,298,PT02M01.00S,2,1610612760,OKC,1629658,Hoard,J. Hoard,0,0,0,,0,,,0,h,Hoard REBOUND (Off:3 Def:4),Rebound,Unknown,1,0,225
0022101185,299,PT02M01.00S,2,1610612760,OKC,1629658,Hoard,J. Hoard,0,0,0,Made,1,44,50,94,h,Hoard Tip Dunk Shot (10 PTS),Made Shot,Tip Dunk Shot,1,2,226
0022101185,300,PT01M44.00S,2,1610612757,POR,1627739,Dunn,K. Dunn,-4,100,10,Missed,1,,,0,v,MISS Dunn 10' Turnaround Jump Shot,Missed Shot,Turnaround Jump Shot,1,2,227
0022101185,301,PT01M42.00S,2,1610612757,POR,1627739,Dunn,K. Dunn,0,0,0,,0,,,0,v,Dunn REBOUND (Off:3 Def:2),Rebound,Unknown,1,0,228
0022101185,302,PT01M39.00S,2,1610612757,POR,1627739,Dunn,K. Dunn,20,16,3,Missed,1,,,0,v,MISS Dunn 3' Putback Layup,Missed Shot,Putback Layup Shot,1,2,229
0022101185,303,PT01M37.00S,2,1610612760,OKC,1630249,Krejčí,V. Krejčí,0,0,0,,0,,,0,h,Krejci REBOUND (Off:0 Def:3),Rebound,Unknown,1,0,230
0022101185,304,PT01M35.00S,2,1610612757,POR,1629712,Louzada,D. Louzada,0,0,0,,0,,,0,v,Louzada S.FOUL (P1.PN) (J.Goble),Foul,Shooting,0,0,231
0022101185,306,PT01M35.00S,2,1610612760,OKC,1630686,Kalaitzakis,B. Kalaitzakis,0,0,0,,0,45,50,95,h,Kalaitzakis Free Throw 1 of 2 (6 PTS),Free Throw,Free Throw 1 of 2,1,0,232
0022101185,307,PT01M35.00S,2,1610612760,OKC,1630249,Krejčí,V. Krejčí,0,0,0,,0,,,0,h,SUB: Sarr FOR Krejci,Substitution,,0,0,233
0022101185,308,PT01M35.00S,2,1610612757,POR,1630190,Hughes,E. Hughes,0,0,0,,0,,,0,v,SUB: Johnson FOR Hughes,Substitution,,0,0,234
0022101185,309,PT01M35.00S,2,1610612757,POR,1629712,Louzada,D. Louzada,0,0,0,,0,,,0,v,SUB: McLemore FOR Louzada,Substitution,,0,0,235
0022101185,313,PT01M35.00S,2,1610612757,POR,1629833,Blevins,K. Blevins,0,0,0,,0,,,0,v,SUB: Brown III FOR Blevins,Substitution,,0,0,236
0022101185,315,PT01M35.00S,2,1610612760,OKC,1630686,Kalaitzakis,B. Kalaitzakis,0,0,0,,0,46,50,96,h,Kalaitzakis Free Throw 2 of 2 (7 PTS),Free Throw,Free Throw 2 of 2,1,0,237
0022101185,316,PT01M15.00S,2,1610612760,OKC,1630285,Simpson,Z. Simpson,0,0,0,,0,,,0,h,Simpson P.FOUL (P2.T2) (A.Nagy),Foul,Personal,1,0,238
0022101185,318,PT01M10.00S,2,1610612760,OKC,1630846,Sarr,O. Sarr,0,0,0,,0,,,0,h,Sarr S.FOUL (P1.PN) (J.Goble),Foul,Shooting,1,0,239
0022101185,320,PT01M10.00S,2,1610612757,POR,203463,McLemore,B. McLemore,0,0,0,,0,46,51,97,v,McLemore Free Throw 1 of 2 (5 PTS),Free Throw,Free Throw 1 of 2,1,0,240
0022101185,321,PT01M10.00S,2,1610612757,POR,203463,McLemore,B. McLemore,0,0,0,,0,46,52,98,v,McLemore Free Throw 2 of 2 (6 PTS),Free Throw,Free Throw 2 of 2,1,0,241
0022101185,322,PT00M57.60S,2,1610612760,OKC,1630285,Simpson,Z. Simpson,-37,25,4,Missed,1,,,0,h,MISS Simpson 4' Driving Layup,Missed Shot,Driving Layup Shot,1,2,242
0022101185,322,PT00M57.60S,2,1610612757,POR,1629234,Eubanks,D. Eubanks,0,0,0,,0,,,0,v,Eubanks BLOCK (1 BLK),,,1,2,243
0022101185,324,PT00M55.30S,2,1610612757,POR,1630553,Johnson,K. Johnson,0,0,0,,0,,,0,v,Johnson REBOUND (Off:0 Def:2),Rebound,Unknown,1,0,244
0022101185,325,PT00M52.70S,2,1610612757,POR,1630535,Brown III,G. Brown III,23,4,2,Made,1,46,54,100,v,Brown III 2' Alley Oop Dunk (12 PTS) (Johnson 2 AST),Made Shot,Alley Oop Dunk Shot,1,2,245
0022101185,327,PT00M43.00S,2,1610612760,OKC,1630846,Sarr,O. Sarr,-31,14,3,Made,1,48,54,102,h,Sarr 3' Dunk (6 PTS) (Kalaitzakis 1 AST),Made Shot,Dunk Shot,1,2,246
0022101185,328,PT00M39.30S,2,1610612757,POR,1627739,Dunn,K. Dunn,0,0,0,,0,,,0,v,Dunn Bad Pass Turnover (P2.T10),Turnover,Bad Pass,1,0,247
0022101185,328,PT00M39.30S,2,1610612760,OKC,1630285,Simpson,Z. Simpson,0,0,0,,0,,,0,h,Simpson STEAL (1 STL),,,1,0,248
0022101185,331,PT00M22.30S,2,1610612760,OKC,1630686,Kalaitzakis,B. Kalaitzakis,138,245,28,Missed,1,,,0,h,MISS Kalaitzakis 28' 3PT Jump Shot,Missed Shot,Jump Shot,1,3,249
0022101185,332,PT00M19.00S,2,1610612757,POR,1629234,Eubanks,D. Eubanks,0,0,0,,0,,,0,v,Eubanks REBOUND (Off:0 Def:1),Rebound,Unknown,1,0,250
0022101185,333,PT00M05.50S,2,1610612757,POR,1627739,Dunn,K. Dunn,108,233,26,Missed,1,,,0,v,MISS Dunn 26' 3PT Pullup Jump Shot,Missed Shot,Pullup Jump shot,1,3,251
0022101185,334,PT00M02.70S,2,1610612757,POR,1630535,Brown III,G. Brown III,0,0,0,,0,,,0,v,Brown III REBOUND (Off:2 Def:1),Rebound,Unknown,1,0,252
0022101185,335,PT00M01.00S,2,1610612757,POR,1630553,Johnson,K. Johnson,-170,204,27,Missed,1,,,0,v,MISS Johnson 27' 3PT Jump Shot,Missed Shot,Jump Shot,1,3,253
0022101185,335,PT00M01.00S,2,1610612760,OKC,1629676,Roby,I. Roby,0,0,0,,0,,,0,h,Roby BLOCK (3 BLK),,,1,3,254
0022101185,337,PT00M01.00S,2,1610612757,POR,1630553,Johnson,K. Johnson,0,0,0,,0,,,0,v,Johnson REBOUND (Off:1 Def:2),Rebound,Unknown,1,0,255
0022101185,338,PT00M00.00S,2,1610612757,POR,1630553,Johnson,K. Johnson,-183,194,27,Missed,1,,,0,v,MISS Johnson 27' 3PT Jump Shot,Missed Shot,Jump Shot,1,3,256
0022101185,339,PT00M00.00S,2,0,,1610612757,,,0,0,0,,0,,,0,v,Trail Blazers Rebound,Rebound,Unknown,0,0,257
0022101185,340,PT00M00.00S,2,0,,0,,,0,0,0,,0,48,54,102,,End of 2nd Period (9:07 PM EST),period,end,1,0,258
0022101185,344,PT12M00.00S,3,0,,0,,,0,0,0,,0,48,54,102,,Start of 3rd Period (9:22 PM EST),period,start,0,0,259
0022101185,345,PT11M42.00S,3,1610612760,OKC,1629676,Roby,I. Roby,-146,270,31,Missed,1,,,0,h,MISS Roby 31' 3PT Jump Shot,Missed Shot,Jump Shot,1,3,260
0022101185,346,PT11M37.00S,3,1610612757,POR,1630553,Johnson,K. Johnson,0,0,0,,0,,,0,v,Johnson REBOUND (Off:1 Def:3),Rebound,Unknown,1,0,261
0022101185,347,PT11M30.00S,3,1610612760,OKC,1629676,Roby,I. Roby,0,0,0,,0,,,0,h,Roby S.FOUL (P3.T1) (A.Nagy),Foul,Shooting,1,0,262
0022101185,349,PT11M30.00S,3,1610612757,POR,1630535,Brown III,G. Brown III,0,0,0,,0,48,55,103,v,Brown III Free Throw 1 of 2 (13 PTS),Free Throw,Free Throw 1 of 2,1,0,263
0022101185,350,PT11M30.00S,3,1610612757,POR,1630535,Brown III,G. Brown III,0,0,0,,0,48,56,104,v,Brown III Free Throw 2 of 2 (14 PTS),Free Throw,Free Throw 2 of 2,1,0,264
0022101185,351,PT11M18.00S,3,1610612760,OKC,1630285,Simpson,Z. Simpson,-26,10,3,Missed,1,,,0,h,MISS Simpson 3' Driving Finger Roll Layup,Missed Shot,Driving Finger Roll Layup Shot,1,2,265
0022101185,352,PT11M16.00S,3,1610612757,POR,1629234,Eubanks,D. Eubanks,0,0,0,,0,,,0,v,Eubanks REBOUND (Off:0 Def:2),Rebound,Unknown,1,0,266
0022101185,353,PT11M09.00S,3,1610612757,POR,1629234,Eubanks,D. Eubanks,-34,27,4,Made,1,48,58,106,v,Eubanks 4' Turnaround Hook Shot (6 PTS) (Elleby 1 AST),Made Shot,Turnaround Hook Shot,1,2,267
0022101185,355,PT10M51.00S,3,1610612760,OKC,1630285,Simpson,Z. Simpson,0,0,0,,0,,,0,h,Simpson Out of Bounds - Bad Pass Turnover Turnover (P1.T12),Turnover,Out of Bounds - Bad Pass Turnover,1,0,268
0022101185,356,PT10M41.00S,3,1610612757,POR,1630535,Brown III,G. Brown III,0,0,0,,0,,,0,v,Brown III Out of Bounds Lost Ball Turnover (P1.T11),Turnover,Out of Bounds Lost Ball Turnover,1,0,269
0022101185,357,PT10M27.00S,3,1610612760,OKC,1629676,Roby,I. Roby,-81,252,26,Made,1,51,58,109,h,Roby 26' 3PT Pullup Jump Shot (8 PTS) (Simpson 1 AST),Made Shot,Pullup Jump shot,1,3,270
0022101185,358,PT10M08.00S,3,1610612757,POR,1629234,Eubanks,D. Eubanks,-9,24,3,Made,1,51,60,111,v,Eubanks 3' Cutting Dunk Shot (8 PTS) (Johnson 3 AST),Made Shot,Cutting Dunk Shot,1,2,271
0022101185,360,PT09M55.00S,3,1610612757,POR,1629234,Eubanks,D. Eubanks,0,0,0,,0,,,0,v,Eubanks P.FOUL (P3.T1) (J.Goble),Foul,Personal,1,0,272
0022101185,362,PT09M41.00S,3,1610612760,OKC,1629658,Hoard,J. Hoard,26,52,6,Made,1,53,60,113,h,Hoard 6' Driving Floating Jump Shot (12 PTS),Made Shot,Driving Floating Jump Shot,1,2,273
0022101185,363,PT09M30.00S,3,1610612757,POR,1630553,Johnson,K. Johnson,0,0,0,,0,,,0,v,Johnson Bad Pass Turnover (P3.T12),Turnover,Bad Pass,1,0,274
0022101185,363,PT09M30.00S,3,1610612760,OKC,1629658,Hoard,J. Hoard,0,0,0,,0,,,0,h,Hoard STEAL (3 STL),,,1,0,275
0022101185,365,PT09M25.00S,3,1610612760,OKC,1629658,Hoard,J. Hoard,28,15,3,Missed,1,,,0,h,MISS Hoard 3' Running Layup,Missed Shot,Running Layup Shot,1,2,276
0022101185,367,PT09M25.00S,3,0,,1610612757,,,0,0,0,,0,,,0,v,Trail Blazers Rebound,Rebound,Unknown,0,0,277
0022101185,369,PT09M10.00S,3,1610612757,POR,1629234,Eubanks,D. Eubanks,-50,31,6,Missed,1,,,0,v,MISS Eubanks 6' Hook Shot,Missed Shot,Hook Shot,1,2,278
0022101185,370,PT09M08.00S,3,1610612760,OKC,1629658,Hoard,J. Hoard,0,0,0,,0,,,0,h,Hoard REBOUND (Off:3 Def:5),Rebound,Unknown,1,0,279
0022101185,371,PT08M58.00S,3,1610612760,OKC,1629658,Hoard,J. Hoard,50,25,6,Missed,1,,,0,h,MISS Hoard 6' Layup,Missed Shot,Layup Shot,1,2,280
0022101185,372,PT08M55.00S,3,1610612757,POR,1627739,Dunn,K. Dunn,0,0,0,,0,,,0,v,Dunn REBOUND (Off:3 Def:3),Rebound,Unknown,1,0,281
0022101185,373,PT08M51.00S,3,1610612757,POR,1629234,Eubanks,D. Eubanks,20,5,2,Made,1,53,62,115,v,Eubanks 2' Dunk (10 PTS) (Dunn 5 AST),Made Shot,Dunk Shot,1,2,282
0022101185,375,PT08M36.00S,3,1610612760,OKC,1630285,Simpson,Z. Simpson,-135,168,22,Missed,1,,,0,h,MISS Simpson 22' Pullup Jump Shot,Missed Shot,Pullup Jump shot,1,2,283
0022101185,376,PT08M33.00S,3,1610612757,POR,1630553,Johnson,K. Johnson,0,0,0,,0,,,0,v,Johnson REBOUND (Off:1 Def:4),Rebound,Unknown,1,0,284
0022101185,377,PT08M21.00S,3,1610612757,POR,1627739,Dunn,K. Dunn,-181,-7,18,Made,1,53,64,117,v,Dunn 18' Pullup Jump Shot (6 PTS),Made Shot,Pullup Jump shot,1,2,285
0022101185,378,PT07M55.00S,3,1610612760,OKC,1630285,Simpson,Z. Simpson,66,251,26,Missed,1,,,0,h,MISS Simpson 26' 3PT Jump Shot,Missed Shot,Jump Shot,1,3,286
0022101185,379,PT07M51.00S,3,1610612757,POR,1627739,Dunn,K. Dunn,0,0,0,,0,,,0,v,Dunn REBOUND (Off:3 Def:4),Rebound,Unknown,1,0,287
0022101185,380,PT07M48.00S,3,1610612757,POR,1630553,Johnson,K. Johnson,32,30,4,Made,1,53,66,119,v,Johnson 4' Running Dunk (9 PTS) (Dunn 6 AST),Made Shot,Running Dunk Shot,1,2,288
0022101185,382,PT07M29.00S,3,1610612760,OKC,1630285,Simpson,Z. Simpson,0,0,0,,0,,,0,h,Simpson Bad Pass Turnover (P2.T13),Turnover,Bad Pass,1,0,289
0022101185,382,PT07M29.00S,3,1610612757,POR,1630553,Johnson,K. Johnson,0,0,0,,0,,,0,v,Johnson STEAL (1 STL),,,1,0,290
0022101185,384,PT07M21.00S,3,1610612757,POR,1630535,Brown III,G. Brown III,-190,158,25,Made,1,53,69,122,v,Brown III 25' 3PT Jump Shot (17 PTS) (Elleby 2 AST),Made Shot,Jump Shot,1,3,291
0022101185,386,PT07M19.00S,3,0,,1610612760,,,0,0,0,,0,,,0,h,THUNDER Timeout: Regular (Full 4 Short 0),Timeout,Regular,0,0,292
0022101185,388,PT07M19.00S,3,1610612757,POR,1630535,Brown III,G. Brown III,0,0,0,,0,,,0,v,SUB: Blevins FOR Brown III,Substitution,,0,0,293
0022101185,390,PT07M06.00S,3,1610612760,OKC,1630686,Kalaitzakis,B. Kalaitzakis,51,214,22,Missed,1,,,0,h,MISS Kalaitzakis 22' Pullup Jump Shot,Missed Shot,Pullup Jump shot,1,2,294
0022101185,391,PT07M03.00S,3,1610612757,POR,1629833,Blevins,K. Blevins,0,0,0,,0,,,0,v,Blevins REBOUND (Off:1 Def:2),Rebound,Unknown,1,0,295
0022101185,392,PT06M48.00S,3,1610612757,POR,1630553,Johnson,K. Johnson,74,38,8,Made,1,53,71,124,v,Johnson 8' Driving Hook Shot (11 PTS),Made Shot,Driving Hook Shot,1,2,296
0022101185,393,PT06M26.00S,3,1610612760,OKC,1630686,Kalaitzakis,B. Kalaitzakis,-82,131,15,Made,1,55,71,126,h,Kalaitzakis 15' Pullup Jump Shot (9 PTS),Made Shot,Pullup Jump shot,1,2,297
0022101185,394,PT06M13.00S,3,1610612757,POR,1630553,Johnson,K. Johnson,-22,17,3,Made,1,55,73,128,v,Johnson 3' Dunk (13 PTS) (Dunn 7 AST),Made Shot,Dunk Shot,1,2,298
0022101185,396,PT05M56.00S,3,1610612757,POR,1627739,Dunn,K. Dunn,0,0,0,,0,,,0,v,Dunn S.FOUL (P1.T2) (J.Goble),Foul,Shooting,1,0,299
0022101185,398,PT05M56.00S,3,1610612760,OKC,1629658,Hoard,J. Hoard,0,0,0,,0,56,73,129,h,Hoard Free Throw 1 of 2 (13 PTS),Free Throw,Free Throw 1 of 2,0,0,300
0022101185,399,PT05M56.00S,3,1610612757,POR,1630553,Johnson,K. Johnson,0,0,0,,0,,,0,v,SUB: McLemore FOR Johnson,Substitution,,0,0,301
0022101185,401,PT05M56.00S,3,1610612760,OKC,1629658,Hoard,J. Hoard,0,0,0,,0,,,0,h,MISS Hoard Free Throw 2 of 2,Free Throw,Free Throw 2 of 2,1,0,302
0022101185,402,PT05M54.00S,3,1610612757,POR,1629604,Elleby,C. Elleby,0,0,0,,0,,,0,v,Elleby REBOUND (Off:1 Def:2),Rebound,Unknown,1,0,303
0022101185,403,PT05M43.00S,3,1610612757,POR,1627739,Dunn,K. Dunn,6,95,10,Missed,1,,,0,v,MISS Dunn 10' Pullup Jump Shot,Missed Shot,Pullup Jump shot,1,2,304
0022101185,404,PT05M39.00S,3,1610612760,OKC,1630285,Simpson,Z. Simpson,0,0,0,,0,,,0,h,Simpson REBOUND (Off:0 Def:2),Rebound,Unknown,1,0,305
0022101185,405,PT05M23.00S,3,1610612760,OKC,1629658,Hoard,J. Hoard,4,69,7,Missed,1,,,0,h,MISS Hoard 7' Layup,Missed Shot,Layup Shot,1,2,306
0022101185,406,PT05M19.00S,3,1610612760,OKC,1629658,Hoard,J. Hoard,0,0,0,,0,,,0,h,Hoard REBOUND (Off:4 Def:5),Rebound,Unknown,1,0,307
0022101185,407,PT05M19.00S,3,1610612760,OKC,1629658,Hoard,J. Hoard,0,0,0,Made,1,58,73,131,h,Hoard Tip Layup Shot (15 PTS),Made Shot,Tip Layup Shot,1,2,308
0022101185,408,PT05M01.00S,3,1610612757,POR,1629234,Eubanks,D. Eubanks,9,22,2,Made,1,58,75,133,v,Eubanks 2' Cutting Dunk Shot (12 PTS) (Dunn 8 AST),Made Shot,Cutting Dunk Shot,1,2,309
0022101185,410,PT04M50.00S,3,1610612757,POR,1629604,Elleby,C. Elleby,0,0,0,,0,,,0,v,Elleby P.FOUL (P1.T3) (B.Adair),Foul,Personal,1,0,310
0022101185,412,PT04M50.00S,3,1610612757,POR,1629604,Elleby,C. Elleby,0,0,0,,0,,,0,v,SUB: Louzada FOR Elleby,Substitution,,0,0,311
0022101185,414,PT04M38.00S,3,1610612760,OKC,1629676,Roby,I. Roby,191,174,26,Made,1,61,75,136,h,Roby 26' 3PT Step Back Jump Shot (11 PTS) (Kalaitzakis 2 AST),Made Shot,Step Back Jump shot,1,3,312
0022101185,416,PT04M21.00S,3,1610612757,POR,1627739,Dunn,K. Dunn,0,0,0,,0,,,0,v,Dunn Bad Pass Turnover (P3.T13),Turnover,Bad Pass,1,0,313
0022101185,416,PT04M21.00S,3,1610612760,OKC,1629676,Roby,I. Roby,0,0,0,,0,,,0,h,Roby STEAL (1 STL),,,1,0,314
0022101185,418,PT04M19.00S,3,1610612760,OKC,1629676,Roby,I. Roby,-12,2,1,Made,1,63,75,138,h,Roby 1' Running Dunk (13 PTS),Made Shot,Running Dunk Shot,1,2,315
0022101185,421,PT04M06.00S,3,1610612760,OKC,1630285,Simpson,Z. Simpson,0,0,0,,0,,,0,h,Simpson S.FOUL (P3.T2) (J.Goble),Foul,Shooting,1,0,316
0022101185,423,PT04M06.00S,3,1610612757,POR,1627739,Dunn,K. Dunn,0,0,0,,0,63,76,139,v,Dunn Free Throw 1 of 2 (7 PTS),Free Throw,Free Throw 1 of 2,1,0,317
0022101185,424,PT04M06.00S,3,1610612757,POR,1629234,Eubanks,D. Eubanks,0,0,0,,0,,,0,v,SUB: Perry FOR Eubanks,Substitution,,0,0,318
0022101185,426,PT04M06.00S,3,1610612757,POR,1627739,Dunn,K. Dunn,0,0,0,,0,,,0,v,MISS Dunn Free Throw 2 of 2,Free Throw,Free Throw 2 of 2,1,0,319
0022101185,427,PT04M05.00S,3,1610612760,OKC,1630686,Kalaitzakis,B. Kalaitzakis,0,0,0,,0,,,0,h,Kalaitzakis REBOUND (Off:0 Def:1),Rebound,Unknown,1,0,320
0022101185,428,PT04M02.00S,3,0,,1610612760,,,0,0,0,,0,,,0,h,THUNDER Timeout: Regular (Full 5 Short 0),Timeout,Regular,0,0,321
0022101185,429,PT04M02.00S,3,1610612757,POR,1627739,Dunn,K. Dunn,0,0,0,,0,,,0,v,SUB: Johnson FOR Dunn,Substitution,,0,0,322
0022101185,431,PT03M48.00S,3,1610612760,OKC,1630846,Sarr,O. Sarr,-109,116,16,Missed,1,,,0,h,MISS Sarr 16' Jump Shot,Missed Shot,Jump Shot,1,2,323
0022101185,432,PT03M45.00S,3,1610612757,POR,203463,McLemore,B. McLemore,0,0,0,,0,,,0,v,McLemore REBOUND (Off:0 Def:2),Rebound,Unknown,1,0,324
0022101185,433,PT03M30.00S,3,1610612757,POR,203463,McLemore,B. McLemore,-59,246,25,Made,1,63,79,142,v,McLemore 25' 3PT Jump Shot (9 PTS) (Johnson 4 AST),Made Shot,Jump Shot,1,3,325
0022101185,435,PT03M10.00S,3,1610612760,OKC,1629676,Roby,I. Roby,-66,11,7,Missed,1,,,0,h,MISS Roby 7' Fadeaway Jumper,Missed Shot,Fadeaway Jump Shot,1,2,326
0022101185,436,PT03M08.00S,3,1610612757,POR,1629712,Louzada,D. Louzada,0,0,0,,0,,,0,v,Louzada REBOUND (Off:0 Def:2),Rebound,Unknown,1,0,327
0022101185,438,PT02M48.00S,3,1610612757,POR,203463,McLemore,B. McLemore,-229,-8,0,Missed,1,,,0,v,MISS McLemore 3PT Pullup Jump Shot,Missed Shot,Pullup Jump shot,1,3,328
0022101185,439,PT02M45.00S,3,1610612760,OKC,1630846,Sarr,O. Sarr,0,0,0,,0,,,0,h,Sarr REBOUND (Off:1 Def:4),Rebound,Unknown,1,0,329
0022101185,440,PT02M33.00S,3,1610612757,POR,203463,McLemore,B. McLemore,0,0,0,,0,,,0,v,McLemore S.FOUL (P3.T4) (B.Adair),Foul,Shooting,1,0,330
0022101185,442,PT02M33.00S,3,1610612760,OKC,1630686,Kalaitzakis,B. Kalaitzakis,0,0,0,,0,,,0,h,MISS Kalaitzakis Free Throw 1 of 2,Free Throw,Free Throw 1 of 2,1,0,331
0022101185,443,PT02M33.00S,3,0,,1610612760,,,0,0,0,,0,,,0,h,THUNDER Rebound,Rebound,Normal Rebound,0,0,332
0022101185,444,PT02M33.00S,3,1610612760,OKC,1630686,Kalaitzakis,B. Kalaitzakis,0,0,0,,0,,,0,h,MISS Kalaitzakis Free Throw 2 of 2,Free Throw,Free Throw 2 of 2,1,0,333
0022101185,445,PT02M31.00S,3,1610612757,POR,1629712,Louzada,D. Louzada,0,0,0,,0,,,0,v,Louzada REBOUND (Off:0 Def:3),Rebound,Unknown,1,0,334
0022101185,446,PT02M20.00S,3,1610612757,POR,203463,McLemore,B. McLemore,163,201,26,Made,1,63,82,145,v,McLemore 26' 3PT Jump Shot (12 PTS) (Johnson 5 AST),Made Shot,Jump Shot,1,3,335
0022101185,448,PT02M03.00S,3,1610612760,OKC,1630285,Simpson,Z. Simpson,-58,13,6,Made,1,65,82,147,h,Simpson 6' Driving Hook Shot (6 PTS),Made Shot,Driving Hook Shot,1,2,336
0022101185,449,PT01M50.00S,3,1610612757,POR,203463,McLemore,B. McLemore,-38,53,7,Missed,1,,,0,v,MISS McLemore 7' Driving Layup,Missed Shot,Driving Layup Shot,1,2,337
0022101185,449,PT01M50.00S,3,1610612760,OKC,1629676,Roby,I. Roby,0,0,0,,0,,,0,h,Roby BLOCK (4 BLK),,,1,2,338
0022101185,451,PT01M48.00S,3,1610612760,OKC,1630285,Simpson,Z. Simpson,0,0,0,,0,,,0,h,Simpson REBOUND (Off:0 Def:3),Rebound,Unknown,1,0,339
0022101185,483,PT01M41.00S,3,1610612760,OKC,1630846,Sarr,O. Sarr,-9,22,2,Missed,1,,,0,h,MISS Sarr 2' Layup,Missed Shot,Layup Shot,1,2,340
0022101185,483,PT01M41.00S,3,1610612757,POR,1630553,Johnson,K. Johnson,0,0,0,,0,,,0,v,Johnson BLOCK (2 BLK),,,1,2,341
0022101185,485,PT01M41.00S,3,1610612760,OKC,1630846,Sarr,O. Sarr,0,0,0,,0,,,0,h,Sarr REBOUND (Off:2 Def:4),Rebound,Unknown,1,0,342
0022101185,452,PT01M26.00S,3,1610612760,OKC,1630285,Simpson,Z. Simpson,49,28,6,Missed,1,,,0,h,MISS Simpson 6' Driving Hook Shot,Missed Shot,Driving Hook Shot,1,2,343
0022101185,453,PT01M21.00S,3,1610612757,POR,1629712,Louzada,D. Louzada,0,0,0,,0,,,0,v,Louzada REBOUND (Off:0 Def:4),Rebound,Unknown,1,0,344
0022101185,454,PT01M04.00S,3,1610612757,POR,1629617,Perry,R. Perry,49,24,5,Missed,1,,,0,v,MISS Perry 5' Driving Hook Shot,Missed Shot,Driving Hook Shot,1,2,345
0022101185,455,PT01M03.00S,3,1610612760,OKC,1629676,Roby,I. Roby,0,0,0,,0,,,0,h,Roby REBOUND (Off:1 Def:4),Rebound,Unknown,1,0,346
0022101185,457,PT00M58.20S,3,1610612760,OKC,1630686,Kalaitzakis,B. Kalaitzakis,-21,23,3,Made,1,67,82,149,h,Kalaitzakis 3' Layup (11 PTS) (Simpson 2 AST),Made Shot,Layup Shot,1,2,347
0022101185,459,PT00M38.60S,3,1610612757,POR,1629833,Blevins,K. Blevins,37,209,21,Missed,1,,,0,v,MISS Blevins 21' Step Back Jump Shot,Missed Shot,Step Back Jump shot,1,2,348
0022101185,460,PT00M34.70S,3,1610612760,OKC,1629658,Hoard,J. Hoard,0,0,0,,0,,,0,h,Hoard REBOUND (Off:4 Def:6),Rebound,Unknown,1,0,349
0022101185,461,PT00M26.60S,3,1610612760,OKC,1629676,Roby,I. Roby,-201,236,31,Missed,1,,,0,h,MISS Roby 31' 3PT Jump Shot,Missed Shot,Jump Shot,1,3,350
0022101185,462,PT00M22.00S,3,1610612760,OKC,1630846,Sarr,O. Sarr,0,0,0,,0,,,0,h,Sarr REBOUND (Off:3 Def:4),Rebound,Unknown,1,0,351
0022101185,463,PT00M16.30S,3,1610612760,OKC,1629676,Roby,I. Roby,-212,184,28,Missed,1,,,0,h,MISS Roby 28' 3PT Jump Shot,Missed Shot,Jump Shot,1,3,352
0022101185,464,PT00M10.90S,3,1610612757,POR,1629617,Perry,R. Perry,0,0,0,,0,,,0,v,Perry REBOUND (Off:0 Def:4),Rebound,Unknown,1,0,353
0022101185,465,PT00M01.10S,3,1610612757,POR,1629617,Perry,R. Perry,206,172,27,Missed,1,,,0,v,MISS Perry 27' 3PT Jump Shot,Missed Shot,Jump Shot,1,3,354
0022101185,466,PT00M01.10S,3,0,,1610612757,,,0,0,0,,0,,,0,v,Trail Blazers Rebound,Rebound,Unknown,0,0,355
0022101185,467,PT00M00.00S,3,0,,0,,,0,0,0,,0,67,82,149,,End of 3rd Period (9:45 PM EST),period,end,1,0,356
0022101185,474,PT12M00.00S,4,0,,0,,,0,0,0,,0,67,82,149,,Start of 4th Period (9:48 PM EST),period,start,0,0,357
0022101185,475,PT11M42.00S,4,1610612757,POR,1630553,Johnson,K. Johnson,-48,34,6,Missed,1,,,0,v,MISS Johnson 6' Driving Floating Jump Shot,Missed Shot,Driving Floating Jump Shot,1,2,358
0022101185,476,PT11M40.00S,4,1610612760,OKC,1630846,Sarr,O. Sarr,0,0,0,,0,,,0,h,Sarr REBOUND (Off:3 Def:5),Rebound,Unknown,1,0,359
0022101185,477,PT11M33.00S,4,1610612760,OKC,1629658,Hoard,J. Hoard,-43,41,6,Made,1,69,82,151,h,Hoard 6' Layup (17 PTS) (Roby 2 AST),Made Shot,Layup Shot,1,2,360
0022101185,479,PT11M13.00S,4,1610612757,POR,203463,McLemore,B. McLemore,-32,261,26,Made,1,69,85,154,v,McLemore 26' 3PT Jump Shot (15 PTS) (Johnson 6 AST),Made Shot,Jump Shot,1,3,361
0022101185,481,PT10M53.00S,4,1610612760,OKC,1629658,Hoard,J. Hoard,-234,17,0,Made,1,72,85,157,h,Hoard 3PT Jump Shot (20 PTS) (Simpson 3 AST),Made Shot,Jump Shot,1,3,362
0022101185,486,PT10M36.00S,4,1610612757,POR,203463,McLemore,B. McLemore,23,276,28,Missed,1,,,0,v,MISS McLemore 28' 3PT Jump Shot,Missed Shot,Jump Shot,1,3,363
0022101185,487,PT10M33.00S,4,1610612757,POR,1629234,Eubanks,D. Eubanks,0,0,0,,0,,,0,v,Eubanks REBOUND (Off:1 Def:2),Rebound,Unknown,1,0,364
0022101185,488,PT10M27.00S,4,1610612757,POR,1630553,Johnson,K. Johnson,153,211,26,Made,1,72,88,160,v,Johnson 26' 3PT Jump Shot (16 PTS),Made Shot,Jump Shot,1,3,365
0022101185,489,PT10M09.00S,4,1610612760,OKC,1630686,Kalaitzakis,B. Kalaitzakis,0,0,0,,0,,,0,h,Kalaitzakis Lost Ball Turnover (P7.T14),Turnover,Lost Ball,1,0,366
0022101185,489,PT10M09.00S,4,1610612757,POR,203463,McLemore,B. McLemore,0,0,0,,0,,,0,v,McLemore STEAL (2 STL),,,1,0,367
0022101185,491,PT10M05.00S,4,1610612757,POR,203463,McLemore,B. McLemore,15,29,3,Made,1,72,90,162,v,McLemore 3' Running Dunk (17 PTS),Made Shot,Running Dunk Shot,1,2,368
0022101185,492,PT09M42.00S,4,1610612760,OKC,1629676,Roby,I. Roby,0,0,0,,0,,,0,h,Roby Out of Bounds Lost Ball Turnover (P2.T15),Turnover,Out of Bounds Lost Ball Turnover,1,0,369
0022101185,493,PT09M27.00S,4,1610612757,POR,203463,McLemore,B. McLemore,0,0,0,,0,,,0,v,McLemore Bad Pass Turnover (P2.T14),Turnover,Bad Pass,1,0,370
0022101185,493,PT09M27.00S,4,1610612760,OKC,1630686,Kalaitzakis,B. Kalaitzakis,0,0,0,,0,,,0,h,Kalaitzakis STEAL (2 STL),,,1,0,371
0022101185,495,PT09M22.00S,4,1610612760,OKC,1630846,Sarr,O. Sarr,31,34,5,Missed,1,,,0,h,MISS Sarr 5' Alley Oop Dunk,Missed Shot,Alley Oop Dunk Shot,1,2,372
0022101185,496,PT09M17.00S,4,1610612760,OKC,1629658,Hoard,J. Hoard,0,0,0,,0,,,0,h,Hoard REBOUND (Off:5 Def:6),Rebound,Unknown,1,0,373
0022101185,497,PT09M17.00S,4,1610612760,OKC,1629658,Hoard,J. Hoard,0,0,0,Made,1,74,90,164,h,Hoard Tip Dunk Shot (22 PTS),Made Shot,Tip Dunk Shot,1,2,374
0022101185,498,PT09M02.00S,4,1610612757,POR,203463,McLemore,B. McLemore,-126,230,26,Missed,1,,,0,v,MISS McLemore 26' 3PT Jump Shot,Missed Shot,Jump Shot,1,3,375
0022101185,499,PT09M02.00S,4,0,,1610612760,,,0,0,0,,0,,,0,h,THUNDER Rebound,Rebound,Unknown,0,0,376
0022101185,501,PT08M53.00S,4,1610612757,POR,1629234,Eubanks,D. Eubanks,0,0,0,,0,,,0,v,Eubanks S.FOUL (P4.T1) (J.Goble),Foul,Shooting,1,0,377
0022101185,503,PT08M53.00S,4,1610612760,OKC,1629658,Hoard,J. Hoard,0,0,0,,0,,,0,h,MISS Hoard Free Throw 1 of 2,Free Throw,Free Throw 1 of 2,1,0,378
0022101185,504,PT08M53.00S,4,0,,1610612760,,,0,0,0,,0,,,0,h,THUNDER Rebound,Rebound,Normal Rebound,0,0,379
0022101185,505,PT08M53.00S,4,1610612757,POR,203463,McLemore,B. McLemore,0,0,0,,0,,,0,v,SUB: Hughes FOR McLemore,Substitution,,0,0,380
0022101185,507,PT08M53.00S,4,1610612760,OKC,1629658,Hoard,J. Hoard,0,0,0,,0,,,0,h,MISS Hoard Free Throw 2 of 2,Free Throw,Free Throw 2 of 2,1,0,381
0022101185,508,PT08M49.00S,4,1610612757,POR,1629234,Eubanks,D. Eubanks,0,0,0,,0,,,0,v,Eubanks REBOUND (Off:1 Def:3),Rebound,Unknown,1,0,382
0022101185,509,PT08M43.00S,4,1610612757,POR,1630535,Brown III,G. Brown III,-120,179,22,Missed,1,,,0,v,MISS Brown III 22' Pullup Jump Shot,Missed Shot,Pullup Jump shot,1,2,383
0022101185,510,PT08M40.00S,4,1610612760,OKC,1629658,Hoard,J. Hoard,0,0,0,,0,,,0,h,Hoard REBOUND (Off:5 Def:7),Rebound,Unknown,1,0,384
0022101185,511,PT08M32.00S,4,1610612760,OKC,1630285,Simpson,Z. Simpson,45,97,11,Made,1,76,90,166,h,Simpson 11' Driving Hook Shot (8 PTS),Made Shot,Driving Hook Shot,1,2,385
0022101185,512,PT08M15.00S,4,1610612757,POR,1630535,Brown III,G. Brown III,27,22,3,Missed,1,,,0,v,MISS Brown III 3' Dunk,Missed Shot,Dunk Shot,1,2,386
0022101185,512,PT08M15.00S,4,1610612760,OKC,1629676,Roby,I. Roby,0,0,0,,0,,,0,h,Roby BLOCK (5 BLK),,,1,2,387
0022101185,514,PT08M13.00S,4,1610612760,OKC,1630846,Sarr,O. Sarr,0,0,0,,0,,,0,h,Sarr REBOUND (Off:3 Def:6),Rebound,Unknown,1,0,388
0022101185,515,PT08M03.00S,4,1610612760,OKC,1630846,Sarr,O. Sarr,156,226,27,Missed,1,,,0,h,MISS Sarr 27' 3PT Jump Shot,Missed Shot,Jump Shot,1,3,389
0022101185,516,PT07M57.00S,4,1610612760,OKC,1629658,Hoard,J. Hoard,0,0,0,,0,,,0,h,Hoard REBOUND (Off:6 Def:7),Rebound,Unknown,1,0,390
0022101185,517,PT07M57.00S,4,1610612760,OKC,1629658,Hoard,J. Hoard,0,0,0,Made,1,78,90,168,h,Hoard Tip Layup Shot (24 PTS),Made Shot,Tip Layup Shot,1,2,391
0022101185,518,PT07M40.00S,4,1610612757,POR,1630553,Johnson,K. Johnson,-45,121,13,Missed,1,,,0,v,MISS Johnson 13' Pullup Jump Shot,Missed Shot,Pullup Jump shot,1,2,392
0022101185,519,PT07M38.00S,4,1610612760,OKC,1629658,Hoard,J. Hoard,0,0,0,,0,,,0,h,Hoard REBOUND (Off:6 Def:8),Rebound,Unknown,1,0,393
0022101185,520,PT07M27.00S,4,1610612757,POR,1629234,Eubanks,D. Eubanks,0,0,0,,0,,,0,v,Eubanks P.FOUL (P5.T2) (J.Goble),Foul,Personal,1,0,394
0022101185,522,PT07M27.00S,4,1610612757,POR,1629604,Elleby,C. Elleby,0,0,0,,0,,,0,v,SUB: Perry FOR Elleby,Substitution,,0,0,395
0022101185,523,PT07M27.00S,4,1610612757,POR,1629234,Eubanks,D. Eubanks,0,0,0,,0,,,0,v,SUB: Louzada FOR Eubanks,Substitution,,0,0,396
0022101185,526,PT07M27.00S,4,0,,1610612760,,,0,0,0,,0,,,0,h,THUNDER Timeout: Regular (Full 6 Short 0),Timeout,Regular,0,0,397
0022101185,527,PT07M13.00S,4,1610612760,OKC,1630686,Kalaitzakis,B. Kalaitzakis,169,194,26,Made,1,81,90,171,h,Kalaitzakis 26' 3PT Jump Shot (14 PTS) (Simpson 4 AST),Made Shot,Jump Shot,1,3,398
0022101185,529,PT06M45.00S,4,1610612757,POR,1629617,Perry,R. Perry,0,0,0,,0,,,0,v,Perry Lost Ball Turnover (P2.T15),Turnover,Lost Ball,1,0,399
0022101185,529,PT06M45.00S,4,1610612760,OKC,1630686,Kalaitzakis,B. Kalaitzakis,0,0,0,,0,,,0,h,Kalaitzakis STEAL (3 STL),,,1,0,400
0022101185,531,PT06M27.00S,4,1610612760,OKC,1629676,Roby,I. Roby,-31,31,4,Made,1,83,90,173,h,Roby 4' Driving Finger Roll Layup (15 PTS),Made Shot,Driving Finger Roll Layup Shot,1,2,401
0022101185,532,PT06M10.00S,4,1610612757,POR,1630190,Hughes,E. Hughes,132,242,28,Missed,1,,,0,v,MISS Hughes 28' 3PT Jump Shot,Missed Shot,Jump Shot,1,3,402
0022101185,533,PT06M07.00S,4,1610612760,OKC,1629658,Hoard,J. Hoard,0,0,0,,0,,,0,h,Hoard REBOUND (Off:6 Def:9),Rebound,Unknown,1,0,403
0022101185,534,PT05M58.00S,4,1610612760,OKC,1630686,Kalaitzakis,B. Kalaitzakis,-179,206,27,Made,1,86,90,176,h,Kalaitzakis 27' 3PT Jump Shot (17 PTS) (Hoard 3 AST),Made Shot,Jump Shot,1,3,404
0022101185,536,PT05M41.00S,4,1610612757,POR,1630553,Johnson,K. Johnson,16,15,2,Made,1,86,92,178,v,Johnson 2' Layup (18 PTS),Made Shot,Layup Shot,1,2,405
0022101185,538,PT05M29.00S,4,1610612757,POR,1630535,Brown III,G. Brown III,0,0,0,,0,,,0,v,Brown III FLAGRANT.FOUL.TYPE1 (P3.T3) (A.Nagy),Foul,Flagrant Type 1,1,0,406
0022101185,543,PT05M29.00S,4,0,,538,,,0,0,0,,0,88,92,180,,Instant Replay4th Period (10:01 PM EST),Instant Replay,Overturn Ruling,0,0,407
0022101185,544,PT05M29.00S,4,1610612760,OKC,1630846,Sarr,O. Sarr,0,0,0,,0,87,92,179,h,Sarr Free Throw Flagrant 1 of 2 (7 PTS),Free Throw,Free Throw Flagrant 1 of 2,1,0,408
0022101185,545,PT05M29.00S,4,1610612760,OKC,1630846,Sarr,O. Sarr,0,0,0,,0,88,92,180,h,Sarr Free Throw Flagrant 2 of 2 (8 PTS),Free Throw,Free Throw Flagrant 2 of 2,1,0,409
0022101185,547,PT05M14.00S,4,1610612760,OKC,1630686,Kalaitzakis,B. Kalaitzakis,202,149,25,Missed,1,,,0,h,MISS Kalaitzakis 25' 3PT Jump Shot,Missed Shot,Jump Shot,1,3,410
0022101185,548,PT05M12.00S,4,0,,1610612760,,,0,0,0,,0,,,0,h,THUNDER Rebound,Rebound,Unknown,0,0,411
0022101185,550,PT05M12.00S,4,1610612757,POR,1630535,Brown III,G. Brown III,0,0,0,,0,,,0,v,SUB: Eubanks FOR Brown III,Substitution,,0,0,412
0022101185,551,PT05M12.00S,4,1610612757,POR,1629617,Perry,R. Perry,0,0,0,,0,,,0,v,SUB: Elleby FOR Perry,Substitution,,0,0,413
0022101185,552,PT05M12.00S,4,1610612757,POR,1629712,Louzada,D. Louzada,0,0,0,,0,,,0,v,SUB: McLemore FOR Louzada,Substitution,,0,0,414
0022101185,565,PT05M12.00S,4,1610612757,POR,1630190,Hughes,E. Hughes,0,0,0,,0,,,0,v,SUB: Dunn FOR Hughes,Substitution,,0,0,415
0022101185,556,PT05M02.00S,4,1610612760,OKC,1629676,Roby,I. Roby,0,0,0,,0,,,0,h,Roby Out of Bounds - Bad Pass Turnover Turnover (P3.T16),Turnover,Out of Bounds - Bad Pass Turnover,1,0,416
0022101185,557,PT04M40.00S,4,1610612757,POR,1627739,Dunn,K. Dunn,67,25,7,Missed,1,,,0,v,MISS Dunn 7' Jump Shot,Missed Shot,Jump Shot,1,2,417
0022101185,557,PT04M40.00S,4,1610612760,OKC,1630285,Simpson,Z. Simpson,0,0,0,,0,,,0,h,Simpson BLOCK (2 BLK),,,1,2,418
0022101185,559,PT04M32.00S,4,1610612760,OKC,1629658,Hoard,J. Hoard,0,0,0,,0,,,0,h,Hoard REBOUND (Off:6 Def:10),Rebound,Unknown,1,0,419
0022101185,560,PT04M23.00S,4,1610612760,OKC,1629676,Roby,I. Roby,232,18,0,Made,1,91,92,183,h,Roby 3PT Jump Shot (18 PTS) (Simpson 5 AST),Made Shot,Jump Shot,1,3,420
0022101185,562,PT04M06.00S,4,1610612757,POR,203463,McLemore,B. McLemore,-235,-25,24,Missed,1,,,0,v,MISS McLemore 24' 3PT Jump Shot,Missed Shot,Jump Shot,1,3,421
0022101185,562,PT04M06.00S,4,1610612760,OKC,1629676,Roby,I. Roby,0,0,0,,0,,,0,h,Roby BLOCK (6 BLK),,,1,3,422
0022101185,564,PT04M02.00S,4,1610612760,OKC,1629658,Hoard,J. Hoard,0,0,0,,0,,,0,h,Hoard REBOUND (Off:6 Def:11),Rebound,Unknown,1,0,423
0022101185,567,PT03M56.00S,4,1610612760,OKC,1630285,Simpson,Z. Simpson,28,5,3,Made,1,93,92,185,h,Simpson 3' Driving Reverse Layup (10 PTS),Made Shot,Driving Reverse Layup Shot,1,2,424
0022101185,568,PT03M41.00S,4,1610612757,POR,1630553,Johnson,K. Johnson,0,0,0,,0,,,0,v,Johnson Out of Bounds Lost Ball Turnover (P4.T16),Turnover,Out of Bounds Lost Ball Turnover,1,0,425
0022101185,569,PT03M30.00S,4,1610612760,OKC,1630686,Kalaitzakis,B. Kalaitzakis,26,20,3,Missed,1,,,0,h,MISS Kalaitzakis 3' Driving Layup,Missed Shot,Driving Layup Shot,1,2,426
0022101185,570,PT03M30.00S,4,1610612760,OKC,1630846,Sarr,O. Sarr,0,0,0,,0,,,0,h,Sarr REBOUND (Off:4 Def:6),Rebound,Unknown,1,0,427
0022101185,571,PT03M30.00S,4,1610612760,OKC,1630846,Sarr,O. Sarr,0,0,0,Made,1,95,92,187,h,Sarr Tip Layup Shot (10 PTS),Made Shot,Tip Layup Shot,1,2,428
0022101185,572,PT03M30.00S,4,0,,1610612757,,,0,0,0,,0,,,0,v,Trail Blazers Timeout: Regular (Reg.2 Short 0),Timeout,Regular,0,0,429
0022101185,573,PT03M30.00S,4,1610612760,OKC,1630686,Kalaitzakis,B. Kalaitzakis,0,0,0,,0,,,0,h,SUB: Krejci FOR Kalaitzakis,Substitution,,0,0,430
0022101185,575,PT03M23.00S,4,1610612757,POR,203463,McLemore,B. McLemore,146,232,27,Missed,1,,,0,v,MISS McLemore 27' 3PT Jump Shot,Missed Shot,Jump Shot,1,3,431
0022101185,576,PT03M18.00S,4,1610612760,OKC,1629658,Hoard,J. Hoard,0,0,0,,0,,,0,h,Hoard REBOUND (Off:6 Def:12),Rebound,Unknown,1,0,432
0022101185,577,PT02M59.00S,4,1610612760,OKC,1630249,Krejčí,V. Krejčí,-235,43,24,Made,1,98,92,190,h,Krejci 24' 3PT Jump Shot (11 PTS) (Roby 3 AST),Made Shot,Jump Shot,1,3,433
0022101185,579,PT02M45.00S,4,1610612757,POR,1627739,Dunn,K. Dunn,4,57,6,Missed,1,,,0,v,MISS Dunn 6' Driving Floating Jump Shot,Missed Shot,Driving Floating Jump Shot,1,2,434
0022101185,580,PT02M42.00S,4,1610612760,OKC,1629658,Hoard,J. Hoard,0,0,0,,0,,,0,h,Hoard REBOUND (Off:6 Def:13),Rebound,Unknown,1,0,435
0022101185,581,PT02M27.00S,4,1610612760,OKC,1630285,Simpson,Z. Simpson,-31,37,5,Missed,1,,,0,h,MISS Simpson 5' Driving Floating Bank Jump Shot,Missed Shot,Driving Floating Bank Jump Shot,1,2,436
0022101185,582,PT02M22.00S,4,1610612757,POR,1629604,Elleby,C. Elleby,0,0,0,,0,,,0,v,Elleby REBOUND (Off:1 Def:3),Rebound,Unknown,1,0,437
0022101185,583,PT02M19.00S,4,1610612757,POR,1627739,Dunn,K. Dunn,0,0,0,,0,,,0,v,Dunn Bad Pass Turnover (P4.T17),Turnover,Bad Pass,1,0,438
0022101185,583,PT02M19.00S,4,1610612760,OKC,1630249,Krejčí,V. Krejčí,0,0,0,,0,,,0,h,Krejci STEAL (3 STL),,,1,0,439
0022101185,585,PT01M58.00S,4,1610612760,OKC,1629676,Roby,I. Roby,140,256,29,Missed,1,,,0,h,MISS Roby 29' 3PT Step Back Jump Shot,Missed Shot,Step Back Jump shot,1,3,440
0022101185,586,PT01M56.00S,4,1610612760,OKC,1629658,Hoard,J. Hoard,0,0,0,,0,,,0,h,Hoard REBOUND (Off:7 Def:13),Rebound,Unknown,1,0,441
0022101185,606,PT01M56.00S,4,1610612760,OKC,1629658,Hoard,J. Hoard,0,0,0,,0,,,0,h,Hoard Bad Pass Turnover (P2.T17),Turnover,Bad Pass,0,0,442
0022101185,606,PT01M56.00S,4,1610612757,POR,1629234,Eubanks,D. Eubanks,0,0,0,,0,,,0,v,Eubanks STEAL (2 STL),,,0,0,443
0022101185,587,PT01M47.00S,4,1610612757,POR,1630553,Johnson,K. Johnson,162,243,29,Missed,1,,,0,v,MISS Johnson 29' 3PT Jump Shot,Missed Shot,Jump Shot,1,3,444
0022101185,588,PT01M43.00S,4,1610612760,OKC,1629676,Roby,I. Roby,0,0,0,,0,,,0,h,Roby REBOUND (Off:1 Def:5),Rebound,Unknown,1,0,445
0022101185,589,PT01M28.00S,4,1610612760,OKC,1630249,Krejčí,V. Krejčí,-74,272,28,Missed,1,,,0,h,MISS Krejci 28' 3PT Jump Shot,Missed Shot,Jump Shot,1,3,446
0022101185,590,PT01M25.00S,4,1610612760,OKC,1630846,Sarr,O. Sarr,0,0,0,,0,,,0,h,Sarr REBOUND (Off:5 Def:6),Rebound,Unknown,1,0,447
0022101185,591,PT01M17.00S,4,1610612760,OKC,1630249,Krejčí,V. Krejčí,167,206,27,Missed,1,,,0,h,MISS Krejci 27' 3PT Jump Shot,Missed Shot,Jump Shot,1,3,448
0022101185,592,PT01M13.00S,4,1610612757,POR,1630553,Johnson,K. Johnson,0,0,0,,0,,,0,v,Johnson REBOUND (Off:1 Def:5),Rebound,Unknown,1,0,449
0022101185,593,PT01M06.00S,4,1610612757,POR,1629234,Eubanks,D. Eubanks,-49,21,5,Made,1,98,94,192,v,Eubanks 5' Hook Shot (14 PTS) (Johnson 7 AST),Made Shot,Hook Shot,1,2,450
0022101185,595,PT00M52.50S,4,1610612760,OKC,1629658,Hoard,J. Hoard,-235,16,24,Missed,1,,,0,h,MISS Hoard 24' 3PT Jump Shot,Missed Shot,Jump Shot,1,3,451
0022101185,596,PT00M50.10S,4,1610612757,POR,1627739,Dunn,K. Dunn,0,0,0,,0,,,0,v,Dunn REBOUND (Off:3 Def:5),Rebound,Unknown,1,0,452
0022101185,597,PT00M40.60S,4,1610612757,POR,1627739,Dunn,K. Dunn,54,267,27,Missed,1,,,0,v,MISS Dunn 27' 3PT Jump Shot,Missed Shot,Jump Shot,1,3,453
0022101185,598,PT00M36.70S,4,1610612760,OKC,1629658,Hoard,J. Hoard,0,0,0,,0,,,0,h,Hoard REBOUND (Off:7 Def:14),Rebound,Unknown,1,0,454
0022101185,599,PT00M17.50S,4,1610612760,OKC,1630249,Krejčí,V. Krejčí,-34,26,4,Missed,1,,,0,h,MISS Krejci 4' Driving Layup,Missed Shot,Driving Layup Shot,1,2,455
0022101185,599,PT00M17.50S,4,1610612757,POR,1629234,Eubanks,D. Eubanks,0,0,0,,0,,,0,v,Eubanks BLOCK (2 BLK),,,1,2,456
0022101185,601,PT00M13.40S,4,1610612757,POR,1629604,Elleby,C. Elleby,0,0,0,,0,,,0,v,Elleby REBOUND (Off:1 Def:4),Rebound,Unknown,1,0,457
0022101185,602,PT00M11.10S,4,1610612757,POR,203463,McLemore,B. McLemore,34,264,27,Missed,1,,,0,v,MISS McLemore 27' 3PT Jump Shot,Missed Shot,Jump Shot,1,3,458
0022101185,603,PT00M07.70S,4,1610612760,OKC,1630846,Sarr,O. Sarr,0,0,0,,0,,,0,h,Sarr REBOUND (Off:5 Def:7),Rebound,Unknown,1,0,459
0022101185,604,PT00M00.00S,4,0,,0,,,0,0,0,,0,98,94,192,,End of 4th Period (10:12 PM EST),period,end,1,0,460
